100
0 -> 11183
1 -> 8651
2 -> 14770
3 -> 19623
4 -> 7174
5 -> 13926
6 -> 14559
7 -> 19623
8 -> 18990
9 -> 17513
10 -> 3798
11 -> 18779
12 -> 4431
13 -> 5275
14 -> 422
15 -> 14348
16 -> 14137
17 -> 20256
18 -> 3798
19 -> 14559
20 -> 9495
21 -> 18357
22 -> 15403
23 -> 14981
24 -> 4642
25 -> 14981
26 -> 11816
27 -> 10550
28 -> 4220
29 -> 6119
30 -> 5697
31 -> 18990
32 -> 19201
33 -> 5697
34 -> 13926
35 -> 10550
36 -> 2110
37 -> 9495
38 -> 10339
39 -> 20045
40 -> 2110
41 -> 10972
42 -> 11605
43 -> 3798
44 -> 8229
45 -> 19412
46 -> 15403
47 -> 17724
48 -> 16880
49 -> 18568
50 -> 13504
51 -> 7807
52 -> 18779
53 -> 17513
54 -> 16880
55 -> 844
56 -> 15614
57 -> 9284
58 -> 4220
59 -> 10972
60 -> 17513
61 -> 5908
62 -> 12238
63 -> 2743
64 -> 17302
65 -> 17513
66 -> 12027
67 -> 6752
68 -> 1899
69 -> 21100
70 -> 5064
71 -> 17091
72 -> 10128
73 -> 6330
74 -> 4431
75 -> 5064
76 -> 3587
77 -> 2321
78 -> 16458
79 -> 13082
80 -> 8018
81 -> 1266
82 -> 3798
83 -> 20256
84 -> 9073
85 -> 17091
86 -> 1477
87 -> 10128
88 -> 7807
89 -> 8440
90 -> 2954
91 -> 20045
92 -> 6330
93 -> 16247
94 -> 3376
95 -> 10550
96 -> 2110
97 -> 4220
98 -> 8440
99 -> 17091
0 64 1040
0 17 1287
0 12 26
0 21 143
0 60 1092
0 8 949
0 2 741
0 58 1170
0 57 247
0 94 936
0 13 1261
0 83 702
0 50 416
0 25 507
0 1 624
0 49 208
0 40 377
0 38 1170
0 98 988
0 54 195
0 3 377
0 33 104
0 80 1261
0 46 338
0 31 806
0 78 793
0 87 1235
0 62 949
0 41 1001
0 82 1092
0 7 1001
0 19 975
0 5 1196
0 47 273
0 39 897
0 61 260
0 28 1066
0 52 507
0 85 949
0 97 494
0 76 1170
0 14 390
0 88 26
0 75 1287
0 95 13
0 53 1040
0 26 1170
0 27 611
0 96 637
0 44 1235
0 29 1105
0 73 182
0 36 923
0 42 650
0 9 897
0 84 1196
0 35 494
0 51 1235
0 37 130
0 16 689
0 86 1300
0 59 156
0 11 715
0 24 806
0 93 559
0 89 247
0 90 1144
1 46 1066
1 88 468
1 84 26
1 72 949
1 19 754
1 34 819
1 2 1157
1 18 741
1 4 1079
1 10 832
1 52 195
1 30 429
1 21 169
1 45 26
1 64 1274
1 44 117
1 98 1079
1 83 221
1 68 975
1 85 507
1 36 624
1 93 169
1 0 741
1 24 689
1 95 273
1 55 65
1 79 1183
1 99 1131
1 35 429
1 57 52
1 58 26
1 22 715
1 48 650
1 50 689
1 5 1222
2 99 962
2 55 598
2 40 507
2 17 507
2 74 1092
2 87 247
2 35 338
2 81 546
2 34 1131
2 9 806
2 23 429
2 82 52
2 93 390
2 63 390
2 31 403
2 37 416
2 66 455
2 6 455
2 73 130
2 45 1040
2 91 741
2 84 1040
2 26 754
2 76 390
2 7 78
2 28 429
2 80 663
2 79 91
2 54 377
2 94 208
2 62 559
2 38 793
2 83 832
2 27 1131
2 59 1144
2 44 1118
2 4 1014
2 61 923
2 30 104
2 60 1118
2 67 1235
2 29 910
2 51 546
2 12 117
2 8 754
2 24 273
2 42 884
2 22 598
2 19 1014
2 75 936
2 20 234
2 47 364
2 85 1287
3 2 806
3 72 819
3 31 1079
3 1 208
3 63 845
3 25 897
3 74 923
3 56 754
3 85 819
3 68 728
3 35 1300
3 79 117
3 83 728
3 70 1300
3 87 546
3 21 975
3 50 143
4 34 182
4 60 1261
4 52 845
4 0 494
4 44 1235
4 20 338
4 46 702
4 22 429
4 11 1014
4 45 871
4 14 702
4 51 234
4 72 299
4 94 715
4 3 143
4 98 832
4 73 884
4 99 598
4 38 1261
4 92 130
4 47 182
4 12 1040
4 89 195
4 86 754
4 57 1235
4 6 624
4 10 1144
4 32 1131
4 67 13
4 5 1248
4 56 403
4 8 390
4 80 247
4 42 1209
4 85 1183
4 15 598
4 54 429
5 25 897
5 46 1027
5 90 156
5 96 1261
5 70 78
5 85 1001
5 36 1261
5 77 1144
5 95 1027
5 75 1105
5 67 624
5 58 871
5 40 988
5 27 1248
5 42 637
5 43 728
5 24 884
5 33 624
5 53 624
5 69 585
5 19 897
5 39 351
5 71 858
5 91 1066
5 9 221
5 79 481
5 57 1118
5 66 1170
5 4 624
5 22 1170
5 72 481
5 99 468
5 23 260
5 12 1196
5 0 1248
5 29 806
5 10 130
5 78 195
5 28 65
5 83 741
5 64 1196
5 1 871
5 13 858
5 76 767
5 11 273
5 47 416
5 84 104
5 98 910
5 81 208
5 94 351
5 41 117
5 61 689
5 38 1131
5 45 1300
5 34 1287
5 50 520
5 18 143
5 62 689
5 86 208
5 15 260
5 60 546
5 87 1118
5 63 1014
5 92 923
5 17 156
5 55 650
5 48 416
5 52 715
5 31 546
5 8 221
5 89 819
5 3 143
5 80 559
5 51 377
5 44 403
5 74 819
5 21 182
5 6 182
5 14 884
5 65 468
5 30 585
5 35 845
5 97 572
5 56 1157
5 37 598
5 88 143
5 20 1248
6 46 598
6 9 624
6 44 1001
6 97 715
6 52 663
6 35 767
6 27 286
6 45 442
6 82 143
6 14 364
6 91 559
6 93 1248
6 13 806
6 57 1287
6 39 715
6 32 364
7 44 962
8 42 1274
8 39 1170
8 33 273
8 7 377
8 47 1222
8 16 260
8 92 143
8 65 1183
8 98 351
8 71 429
8 70 689
8 81 1105
8 97 1222
8 96 468
8 58 507
8 2 1131
8 0 1027
8 54 845
8 78 468
8 77 1300
8 88 819
8 87 1157
8 5 65
8 79 429
8 86 182
8 24 793
8 55 988
8 11 663
8 35 1131
8 80 52
8 31 845
8 26 1105
8 22 1014
8 95 91
8 53 26
8 69 494
8 84 793
8 74 286
8 93 78
8 19 559
8 90 858
8 62 520
8 18 533
9 86 884
9 72 1248
9 30 1131
9 19 78
9 25 663
9 2 1144
9 76 1209
9 17 1157
9 91 26
9 33 507
9 43 767
9 42 1274
9 47 858
9 95 117
9 21 1235
9 28 832
9 31 1300
9 70 104
9 15 533
9 60 780
9 34 39
9 66 1118
9 75 1274
9 67 130
9 81 624
9 98 806
9 35 1222
9 58 988
9 68 156
9 13 169
9 7 1027
9 10 897
9 39 1027
9 27 871
9 90 1287
9 29 663
9 99 663
9 20 1170
9 54 1222
9 57 1274
9 37 442
9 62 182
9 96 676
9 22 13
9 26 611
9 88 91
9 36 299
9 55 78
9 82 286
9 51 494
9 65 637
9 0 403
9 80 793
9 16 728
9 1 1027
9 64 910
9 45 1144
9 77 364
9 5 767
9 8 403
9 44 1300
10 19 923
10 79 299
10 66 858
10 40 780
10 73 650
10 45 1118
10 80 650
10 70 1066
10 11 936
10 57 416
10 78 1027
10 91 598
10 86 1105
10 37 234
10 3 351
10 94 1079
10 98 26
10 55 936
10 88 572
10 13 676
10 97 351
10 74 546
10 26 1027
10 34 1053
10 47 442
10 69 416
10 0 273
10 64 533
10 53 897
10 90 871
10 51 1183
10 84 273
10 46 442
10 4 1040
10 24 897
10 41 299
10 56 104
10 60 611
10 54 403
10 58 585
10 28 1066
10 61 455
10 93 1170
10 30 546
10 1 208
10 36 1131
10 29 910
10 23 481
10 65 78
10 44 741
10 50 923
10 20 923
10 49 299
10 89 364
10 72 338
10 39 832
10 2 1066
10 6 1209
10 83 1157
10 33 299
10 32 390
10 75 286
10 38 897
10 42 1170
10 9 429
10 95 676
11 30 26
11 91 377
11 61 1287
11 7 559
11 10 221
11 65 650
11 70 910
11 90 533
11 57 351
11 37 1014
11 49 624
11 72 1287
11 89 585
11 73 624
11 35 273
11 59 741
11 32 1248
11 40 143
11 33 351
11 98 754
11 82 52
11 96 637
11 16 1222
11 95 1001
11 13 312
11 43 910
11 93 845
11 25 611
11 92 1261
11 60 468
11 5 481
11 56 351
11 99 1274
11 45 156
11 28 689
11 42 533
11 18 260
11 41 91
11 68 65
11 54 507
11 76 845
11 51 1066
11 27 780
11 62 247
11 46 390
11 15 1261
11 80 585
11 17 78
11 77 299
11 50 1105
11 94 572
11 9 78
11 3 1144
11 74 286
11 84 1053
11 66 858
11 8 507
11 38 1144
11 39 715
11 53 208
11 83 468
11 48 1235
11 36 1209
11 86 1040
11 97 1144
11 26 663
11 29 13
11 34 1014
11 63 481
11 87 169
11 24 546
11 12 1144
11 69 91
11 14 1105
11 81 416
11 88 910
11 4 507
11 1 1040
11 2 1040
11 55 1261
11 47 741
11 67 962
11 71 1274
11 64 78
11 20 897
12 69 806
12 27 533
12 1 26
12 39 169
12 13 923
12 63 780
12 91 585
12 28 845
12 34 234
12 68 1248
12 53 702
12 65 702
12 98 949
12 23 91
12 74 624
12 47 949
12 57 663
12 77 1209
12 9 403
12 14 1183
12 76 988
12 46 702
12 70 1183
12 11 884
12 85 793
12 41 650
12 22 182
12 25 650
12 18 260
12 87 1001
12 95 1092
12 90 910
12 52 221
12 67 676
12 58 260
12 37 754
12 26 910
12 56 104
12 4 1183
12 82 182
12 96 26
12 51 195
12 16 195
12 75 468
12 8 39
12 49 494
12 21 13
12 36 234
12 19 1105
12 6 728
12 15 351
12 81 975
12 86 793
12 5 468
12 60 650
12 88 520
12 45 819
12 48 1105
12 42 208
12 83 1235
12 89 910
12 40 663
12 38 754
12 31 1040
12 72 845
12 99 65
12 10 507
12 54 208
12 94 1209
12 2 637
12 50 754
12 20 663
12 3 1222
12 78 1183
12 7 702
12 61 130
12 29 455
12 64 91
12 17 611
12 66 1001
12 79 221
12 92 1222
12 44 650
12 24 650
12 35 338
12 33 1222
12 32 494
12 93 858
12 97 936
12 84 143
12 0 247
12 62 988
12 73 819
12 71 260
12 55 1144
12 80 182
12 30 416
12 43 208
12 59 1183
13 15 1235
13 99 52
13 69 1118
13 70 1287
13 62 546
13 7 13
13 17 728
13 24 1261
13 52 715
13 28 221
13 47 156
13 16 598
13 72 338
13 23 273
13 79 1027
13 29 1274
13 35 364
13 78 624
13 44 1144
13 73 585
13 43 624
13 53 1300
13 21 611
13 3 1144
13 75 65
13 95 520
13 40 26
13 2 390
13 82 169
13 11 1105
13 61 1001
13 94 832
13 66 312
13 49 520
13 0 767
13 56 585
13 30 182
13 90 741
13 6 91
13 54 663
13 68 312
13 97 1261
13 12 1040
13 48 130
13 42 351
13 20 481
13 65 949
13 22 585
13 1 1222
13 64 377
13 88 728
13 38 637
13 18 52
13 96 1118
13 74 390
13 71 780
13 80 468
13 41 507
13 76 468
13 19 429
13 33 130
13 98 1001
13 27 234
13 77 507
13 34 1235
13 5 949
13 59 1274
13 10 1092
13 36 1222
13 37 988
13 14 260
13 93 338
13 50 897
13 92 546
13 39 637
13 51 260
13 8 702
13 91 897
13 57 1157
13 63 65
13 55 624
13 83 195
13 45 1157
13 89 416
13 86 1131
13 25 507
13 87 117
13 60 910
14 40 13
14 76 455
14 37 143
14 27 1196
14 69 676
14 10 637
14 9 1105
14 28 377
14 16 312
14 29 780
14 51 1287
14 86 1001
14 1 884
14 21 728
14 91 754
14 56 780
14 88 208
14 73 78
14 41 1131
14 67 663
14 55 741
14 99 546
14 64 858
14 19 468
14 47 1053
14 4 442
14 66 1092
14 74 1131
14 78 897
14 42 377
14 11 1040
14 22 1170
14 58 1170
14 72 988
14 75 910
14 80 455
14 87 871
14 3 897
14 33 221
14 15 104
14 77 377
14 24 936
14 53 728
14 17 962
14 98 299
14 36 637
14 38 1131
14 79 741
14 34 117
14 0 988
14 7 39
14 93 741
14 45 442
14 68 949
14 96 975
14 90 832
14 39 338
14 81 143
14 8 377
14 43 1040
14 32 286
14 63 559
14 30 689
14 12 702
14 61 767
14 20 780
14 57 130
14 89 338
14 46 65
14 60 715
14 70 286
14 31 1170
14 71 676
14 92 1144
14 48 286
14 62 793
14 25 351
14 50 208
14 83 1040
14 82 1222
14 26 1079
14 44 585
14 85 377
14 18 182
14 6 1053
14 94 1105
14 84 1066
14 23 338
14 95 312
14 13 169
14 5 689
14 35 572
14 54 1131
14 59 962
15 71 884
15 50 221
15 84 858
15 35 988
15 80 624
15 98 403
15 86 923
15 51 793
15 3 663
15 97 1092
15 5 650
15 78 117
15 83 975
15 66 1235
15 32 429
15 68 221
15 27 468
15 56 780
15 82 208
15 96 1053
15 37 468
15 9 338
15 14 520
15 44 1287
15 31 65
15 81 1235
15 55 624
15 43 962
15 33 26
15 6 546
15 62 494
15 45 1118
15 48 507
15 63 715
15 75 1183
15 74 650
15 93 1079
15 92 988
15 72 182
15 99 832
15 16 1066
15 65 988
15 39 819
15 89 689
15 29 611
15 36 1287
15 23 1209
15 10 1157
15 77 182
15 49 1092
15 90 325
15 0 962
15 70 1014
15 54 1209
15 1 286
15 18 949
15 40 468
15 91 468
15 59 520
15 21 845
15 87 780
15 4 195
15 26 728
15 58 1170
15 60 819
15 13 1235
15 19 793
15 61 1300
15 12 598
15 20 546
15 22 819
15 57 689
15 25 1170
15 73 728
15 64 13
15 24 1118
15 28 832
15 42 78
15 47 910
15 2 1248
15 30 1261
15 95 598
15 17 247
15 88 208
15 34 221
15 79 1170
15 85 936
15 41 1040
15 38 351
15 69 429
15 76 1274
16 95 897
16 37 1248
16 48 884
16 0 247
16 52 1144
16 54 1118
16 7 182
16 64 1222
16 32 884
16 67 1053
16 11 780
16 24 286
16 10 702
16 72 650
16 75 572
16 96 962
16 36 845
16 41 975
16 9 195
16 15 494
16 78 637
16 79 611
16 17 117
16 60 442
16 93 533
16 2 585
16 71 754
16 56 611
16 49 416
16 91 507
16 18 884
16 90 728
16 84 936
16 45 962
16 88 1183
16 87 793
16 51 260
16 92 689
16 66 1300
16 85 26
17 40 780
17 42 429
17 7 416
17 4 1235
17 35 39
17 21 234
17 75 130
17 9 247
17 0 494
17 74 13
17 10 403
17 65 455
17 70 1144
17 58 208
17 87 156
17 63 91
17 71 1248
17 46 728
17 22 533
17 76 130
17 62 1027
17 90 377
17 89 1183
17 6 754
17 77 1001
17 49 1170
17 24 468
17 28 832
17 47 949
17 56 1183
17 88 273
17 2 1131
17 51 13
17 55 1261
17 26 104
17 43 585
17 73 234
17 60 1196
17 85 273
17 93 1118
17 92 780
18 82 377
18 90 1196
18 54 1144
18 63 650
18 20 546
18 6 650
18 9 650
18 28 156
18 34 481
18 57 39
18 12 78
18 48 390
18 67 390
18 99 507
18 89 416
18 74 364
18 81 1274
18 61 689
18 46 481
18 94 117
18 76 1287
18 93 689
18 15 962
18 50 1053
18 91 1118
18 70 858
18 13 637
18 72 1001
18 42 416
18 7 689
18 22 897
18 80 403
18 21 442
18 85 325
18 35 806
18 10 130
18 51 624
18 33 819
18 16 559
18 45 416
18 17 143
18 40 702
18 23 845
18 78 1144
18 64 546
18 68 624
18 60 299
18 77 429
18 56 195
18 38 403
18 71 1105
18 59 910
18 88 871
18 5 858
18 39 1001
18 87 1235
18 69 572
18 55 169
18 1 351
18 84 221
18 92 26
18 83 806
18 79 663
18 98 156
18 66 442
18 14 91
19 14 1040
19 62 299
19 1 442
19 28 221
19 70 988
19 53 689
19 7 1131
19 0 1144
19 44 429
19 84 117
19 77 364
19 87 884
19 41 858
19 34 910
19 38 26
19 79 117
19 75 1131
19 6 975
19 69 455
19 22 1144
20 29 1287
20 3 923
20 75 117
20 39 1183
20 9 39
20 49 273
20 38 1144
20 51 793
20 66 702
20 87 637
20 1 403
20 56 468
20 26 793
20 11 390
20 32 858
20 79 715
21 90 91
21 84 169
21 24 338
21 1 832
21 26 910
21 5 741
21 56 377
21 60 793
21 6 871
21 91 923
21 80 650
21 10 1196
21 9 1092
21 88 390
21 7 1248
21 54 923
21 95 1209
21 58 1287
21 98 169
21 70 585
21 97 715
21 94 910
21 67 351
21 64 1287
21 13 429
21 52 715
21 38 1092
21 93 689
21 81 871
21 76 845
21 31 1222
21 45 39
21 2 923
21 87 910
21 77 1040
21 15 741
21 51 1001
21 39 637
21 43 195
21 35 1209
22 91 520
22 6 195
22 96 1144
22 7 182
22 59 845
22 97 689
22 1 429
22 54 663
22 81 195
22 80 351
22 27 247
22 15 858
22 36 442
22 16 416
22 5 689
22 61 338
22 86 130
22 84 1079
22 78 1053
22 75 1092
22 49 1170
22 87 1287
22 92 884
22 20 858
22 13 221
22 31 624
22 43 507
22 37 741
22 17 871
22 88 1209
22 23 1066
22 4 195
22 99 858
22 53 741
22 0 312
22 82 1248
22 58 455
22 76 182
22 79 845
22 90 286
22 3 1196
22 89 1235
22 25 390
22 73 650
22 56 1131
22 26 338
22 85 1157
22 57 377
22 30 1014
22 68 39
22 14 858
22 98 611
22 71 637
22 62 1222
22 51 1157
23 63 65
23 80 715
23 4 1066
23 12 624
23 15 520
23 91 780
23 88 130
23 72 897
23 25 429
23 24 858
23 77 312
23 28 975
23 27 39
23 0 832
23 10 65
23 49 507
23 70 988
23 7 208
23 71 1196
23 3 260
23 36 1105
23 58 1287
23 99 1261
23 94 130
23 55 65
23 18 1209
23 76 130
23 56 299
23 92 442
23 39 325
23 41 468
23 38 416
23 2 1196
23 22 455
23 43 871
23 20 143
23 60 897
23 95 507
23 54 988
23 68 559
23 59 728
23 17 52
23 1 741
24 68 715
24 84 637
24 44 767
24 45 559
24 85 949
24 21 572
24 38 546
24 94 650
24 29 1287
24 17 1261
24 15 325
24 55 832
24 82 598
24 96 351
24 87 390
24 91 39
24 74 1092
24 26 364
24 18 741
24 88 286
24 36 1092
24 58 546
24 69 1027
24 60 715
24 25 208
24 7 325
24 77 754
24 8 598
24 70 1001
24 61 949
24 59 793
24 35 936
24 79 1300
24 2 1274
24 9 793
24 3 1079
24 10 871
24 40 1105
24 31 1274
24 73 312
24 97 949
24 72 884
24 13 507
24 89 377
24 99 897
24 47 65
24 56 65
24 41 559
24 64 429
24 28 1261
24 43 975
24 14 1235
24 83 598
24 22 1079
24 11 936
24 1 1118
24 76 936
24 52 13
24 95 598
24 5 299
24 78 377
24 81 468
24 12 260
24 57 936
24 54 429
24 20 806
24 92 468
24 75 312
24 49 13
24 27 403
24 32 494
24 33 65
24 48 793
24 65 1001
24 4 897
24 67 728
24 66 871
24 63 832
24 71 1196
24 90 611
24 46 1261
24 50 689
24 53 988
24 39 260
24 16 1131
24 19 13
24 98 702
25 65 195
25 16 949
25 14 1209
25 52 767
25 92 325
25 17 39
25 55 520
25 23 377
25 95 312
25 2 1144
25 48 273
25 27 637
25 50 507
25 70 676
25 73 78
25 21 884
25 18 1144
25 64 1092
25 36 1079
25 8 260
25 31 442
25 78 871
25 94 416
25 98 442
25 82 143
25 46 923
25 69 884
25 87 832
25 13 741
25 54 663
25 93 585
25 33 1157
25 28 520
25 62 351
25 84 676
25 90 1040
25 58 91
25 81 1014
25 47 390
25 96 1287
25 7 884
25 38 962
25 26 78
25 45 468
25 74 1040
25 66 442
25 30 338
25 86 299
25 85 1027
25 67 273
25 11 260
25 4 767
25 72 572
25 15 104
25 5 130
25 12 533
25 79 52
25 63 858
25 37 572
25 10 390
25 83 546
25 75 702
25 0 988
25 40 1027
26 43 637
26 47 897
26 4 884
26 48 442
26 46 1040
26 23 273
26 57 390
26 83 13
26 1 806
26 86 377
26 16 39
26 78 871
26 90 858
26 31 572
26 8 117
26 53 910
26 88 780
26 27 507
26 42 1092
26 21 65
26 30 624
26 59 637
26 18 780
26 37 507
26 66 806
26 71 494
26 74 1300
26 17 1196
26 29 221
26 22 143
26 75 546
26 80 442
26 84 1261
26 45 247
26 67 1235
26 95 1170
26 85 195
26 93 507
26 69 975
26 33 351
26 55 143
26 77 1287
26 34 1131
26 39 533
26 91 559
26 98 715
26 9 234
26 50 702
26 56 1053
26 20 416
26 60 494
26 52 169
26 58 936
26 70 715
26 19 702
26 96 793
26 32 39
26 25 1131
26 24 741
26 40 1157
26 12 403
26 15 221
26 72 975
26 64 520
26 7 26
26 0 1092
26 35 741
26 3 611
26 68 416
26 38 676
26 28 624
26 79 1222
26 11 1079
26 14 1274
27 16 832
27 35 949
27 62 442
27 74 208
27 67 455
27 50 975
27 66 169
27 84 1248
27 60 741
27 6 1014
27 29 65
27 70 754
27 78 637
27 9 1274
27 93 832
27 19 871
27 21 351
27 92 481
27 68 221
27 61 1131
27 4 169
27 38 1040
27 89 169
27 52 468
27 73 806
27 30 169
27 85 234
27 51 1105
27 17 481
27 14 1014
27 56 260
27 22 52
27 82 286
27 8 416
27 88 754
27 23 507
27 77 780
27 65 728
27 76 52
27 11 715
27 2 221
27 64 1001
27 15 1261
27 47 1092
27 48 65
27 32 572
27 1 1053
27 43 1157
27 36 741
27 25 637
27 40 1144
27 63 1287
27 13 117
27 90 1183
27 12 949
27 26 1274
27 41 559
27 87 715
27 34 247
27 59 364
27 0 247
27 5 286
27 53 663
27 18 923
27 31 429
27 94 832
27 49 182
27 55 442
27 7 884
27 79 494
28 3 1014
28 21 1183
28 89 182
28 56 208
28 58 559
28 5 975
28 66 1118
28 46 1092
28 98 819
28 51 1300
28 16 572
28 60 754
28 74 390
28 85 221
28 77 624
28 86 728
28 42 156
28 40 559
28 50 338
28 99 65
28 90 975
28 67 1235
28 83 793
28 11 559
28 18 52
28 72 143
28 34 143
28 9 520
28 17 442
28 25 247
28 20 767
28 35 195
28 94 1209
28 6 780
28 64 442
28 65 637
28 4 1118
28 76 325
28 55 1105
28 0 832
28 7 221
28 62 247
28 57 1131
28 29 1144
28 97 1300
28 70 65
28 30 1261
28 93 182
28 45 585
28 15 845
28 10 91
28 87 897
28 13 416
28 48 1235
28 68 117
28 71 1066
28 2 754
28 49 728
28 19 494
28 84 507
29 5 611
29 70 637
29 4 247
29 60 975
29 84 624
29 41 1092
29 46 143
29 25 949
29 39 1092
29 7 338
29 88 1001
29 3 182
29 44 923
29 58 1287
29 61 1209
29 50 1092
29 71 338
29 21 78
29 79 949
29 74 1235
29 40 1105
29 34 169
29 10 546
29 77 156
29 51 533
29 78 1014
29 76 793
29 28 546
29 99 1131
29 9 286
30 48 338
30 90 806
30 1 923
30 53 1105
30 58 117
30 17 221
30 37 1196
30 13 286
30 75 130
30 46 1144
30 26 572
30 21 1144
30 22 26
30 14 143
30 84 1300
30 87 1001
30 97 871
30 61 195
30 72 819
30 9 1274
30 86 520
30 80 520
30 52 715
30 10 1079
30 81 1248
30 45 1274
30 91 403
30 74 338
30 43 1274
30 40 468
30 76 936
30 5 962
31 11 364
31 30 897
31 89 351
31 86 1157
31 0 637
31 50 130
31 42 988
31 85 559
31 49 676
31 26 1287
31 97 598
31 29 637
31 68 1261
31 64 754
31 54 611
31 2 429
31 81 273
31 28 923
31 75 910
31 1 819
31 58 884
31 12 390
31 78 520
31 9 1105
31 46 676
31 72 949
31 88 858
31 61 286
31 71 1248
31 44 962
31 10 520
31 67 1157
31 66 1131
31 15 442
31 56 247
31 57 442
31 83 91
31 69 351
31 63 286
31 45 1092
31 74 1235
31 82 1196
31 96 286
31 98 1131
31 39 13
31 19 1222
31 21 260
31 3 637
31 43 884
31 5 39
31 92 988
31 59 117
31 80 481
31 87 377
31 90 520
31 25 676
31 17 611
31 37 975
31 13 1222
31 52 728
31 7 1274
31 41 442
31 48 871
31 34 793
31 94 598
31 93 1040
31 95 819
31 60 260
31 6 1053
31 99 1300
31 14 104
31 27 143
31 36 1092
31 40 1001
31 32 208
31 4 78
31 84 832
31 65 338
31 16 637
31 53 1092
31 77 533
31 35 13
31 23 156
31 62 819
31 24 754
31 38 377
31 18 1274
31 8 52
31 47 351
31 33 221
31 55 1157
31 70 572
31 79 338
31 22 312
31 76 676
31 51 286
31 91 962
31 20 1261
31 73 923
32 12 858
32 62 182
32 90 364
32 30 1261
32 58 481
32 60 1157
32 22 793
32 17 598
32 21 52
32 59 533
32 36 819
32 0 559
32 86 208
32 53 338
32 68 442
32 87 663
32 7 338
32 93 754
32 67 1170
32 51 793
32 45 1092
32 79 884
32 16 312
33 20 1040
33 15 390
33 64 78
33 88 13
33 51 1118
33 79 481
33 13 1196
33 89 715
33 76 1144
33 6 156
33 8 819
33 9 1183
33 57 819
33 38 715
33 25 988
33 26 1040
33 35 780
33 41 1001
33 2 286
33 90 182
33 97 286
33 80 1222
33 60 546
34 41 663
34 17 1066
34 8 1170
34 27 988
34 85 325
34 13 611
34 24 416
34 76 975
34 37 312
34 77 520
34 7 182
34 15 273
34 58 65
34 61 143
34 45 1209
34 30 403
34 11 611
34 70 65
34 50 728
34 14 585
34 32 65
34 73 871
34 65 65
34 56 676
34 88 182
34 0 546
34 6 611
34 66 390
34 92 234
34 96 897
34 91 559
34 97 1053
34 71 676
34 38 767
34 12 1274
34 68 1274
34 62 429
34 51 923
34 39 234
34 16 364
34 2 559
34 60 273
34 5 897
34 42 663
34 72 247
34 78 1300
34 95 741
34 98 988
34 9 858
34 63 962
34 29 793
34 43 715
34 89 234
34 1 1248
34 94 1183
34 86 390
34 40 767
34 80 481
34 31 156
34 46 780
34 57 299
34 47 1027
34 28 806
34 54 1235
34 20 130
35 14 624
35 84 338
35 67 65
35 5 962
35 2 1040
35 38 1027
35 78 312
35 0 351
35 15 182
35 22 1001
35 11 1001
35 25 975
35 92 1170
35 71 221
35 34 78
35 86 273
35 29 13
35 3 1001
35 8 325
35 94 1274
35 43 52
35 4 26
35 31 715
35 52 845
35 90 676
35 36 130
35 83 585
35 70 897
35 60 650
35 40 936
35 21 442
35 58 1131
35 61 1170
35 75 1170
35 99 1274
35 44 533
35 48 494
35 51 1053
35 27 1183
35 20 13
35 56 962
35 57 13
35 50 1222
35 93 299
35 33 442
35 37 1027
35 95 416
35 76 663
35 73 702
35 10 312
35 28 832
35 23 442
35 24 273
35 97 1144
35 41 910
35 64 949
35 65 1274
35 39 208
35 17 1027
35 63 1079
35 32 897
35 89 1027
35 16 455
35 96 1144
35 49 793
35 91 78
35 7 1040
35 82 975
35 74 793
35 80 663
35 62 702
35 13 936
35 54 494
35 9 663
35 47 676
36 95 1170
36 38 923
36 29 1118
36 61 1209
36 79 936
36 64 910
36 35 26
36 47 663
36 30 1040
36 57 1079
36 59 962
36 53 1118
36 48 533
36 68 1105
36 70 936
36 40 390
36 60 1196
36 33 962
36 9 1300
36 8 1261
36 87 429
36 18 1248
36 1 221
36 54 1300
36 25 988
36 45 897
36 41 494
36 74 546
36 26 611
36 17 364
36 14 403
36 52 1118
36 71 936
36 65 624
36 96 702
36 97 767
36 37 585
36 82 494
36 0 78
36 73 195
36 80 1040
36 72 247
36 69 1196
36 5 338
36 24 468
36 12 923
36 90 468
36 16 78
36 7 481
36 85 533
36 42 377
36 86 936
36 62 728
36 55 117
36 2 871
36 39 1144
36 58 533
36 19 364
36 22 793
36 27 169
36 81 1040
36 44 962
36 23 1053
36 77 611
36 63 1144
36 46 104
36 50 351
36 21 403
36 3 962
36 84 156
36 67 962
36 93 351
36 43 1248
37 0 312
37 20 1222
37 66 910
37 19 741
37 45 481
37 16 377
37 81 156
37 60 1014
37 93 65
37 3 663
37 32 910
37 56 221
37 11 884
37 63 936
37 15 1092
37 85 91
37 10 663
37 89 234
37 25 1196
37 34 403
37 9 429
37 2 598
37 78 598
37 80 1066
37 57 247
37 72 676
37 8 949
37 1 195
37 22 988
37 59 793
37 36 715
37 82 91
37 95 1014
37 14 936
37 87 1209
37 4 728
37 92 182
37 54 130
37 41 403
37 94 1287
37 79 247
37 39 26
37 99 260
38 5 429
38 77 715
38 28 624
38 43 390
38 91 26
38 83 494
38 42 455
38 39 39
38 64 390
38 45 1300
38 27 468
38 84 949
38 14 728
38 78 195
38 48 455
38 65 910
38 63 780
38 22 1027
38 72 611
38 44 429
38 49 1222
38 16 702
38 92 1170
38 68 299
38 99 806
38 96 143
38 61 559
38 53 1092
38 4 26
38 36 143
38 79 780
38 59 923
38 51 897
38 15 845
38 87 1300
38 94 650
38 93 1118
38 81 26
38 74 988
38 97 1118
38 10 39
38 76 130
38 52 1040
38 82 1235
38 32 234
38 23 1287
38 6 1157
38 66 910
38 3 910
38 11 260
38 9 806
38 8 429
38 71 195
38 13 195
38 88 507
38 55 1287
38 80 1196
38 34 1040
38 85 702
38 35 624
38 54 1079
38 29 351
38 90 923
38 37 546
38 60 546
38 26 585
38 18 1066
38 33 91
38 95 780
38 47 195
38 30 1105
38 12 221
38 98 689
38 19 143
38 58 793
38 2 260
38 25 169
38 56 1157
38 62 715
38 1 325
38 31 195
38 73 338
38 40 806
38 0 1222
38 46 1196
38 24 559
39 68 845
39 36 689
39 20 104
39 34 1014
39 37 871
39 89 1209
39 38 390
39 16 403
39 81 1170
39 19 988
39 49 377
39 30 715
39 12 312
39 78 377
39 96 559
39 18 286
39 1 806
39 60 1170
39 29 1196
39 9 260
39 98 481
39 3 195
39 41 715
39 80 975
39 63 130
39 27 364
39 82 1118
39 43 91
39 14 78
39 77 13
39 42 728
39 32 650
39 22 104
39 65 247
39 46 1014
39 52 78
39 11 832
39 62 429
39 21 962
39 99 962
39 8 1157
39 23 1105
39 44 468
39 75 13
39 94 429
39 93 585
39 26 416
39 86 221
39 33 442
39 59 936
39 35 312
39 51 1183
39 84 1079
39 66 624
39 57 286
39 88 1131
39 79 520
39 64 1261
39 10 767
39 71 1079
39 73 247
39 54 26
39 53 1053
39 95 1092
39 76 871
39 47 598
39 24 1092
39 6 754
39 85 715
39 91 624
39 56 234
39 28 1092
39 50 195
39 7 871
40 17 559
40 84 884
40 69 364
40 96 1183
40 97 1170
40 59 247
40 33 234
40 36 26
40 61 1131
40 13 1170
40 92 767
40 54 1001
40 32 897
40 58 364
40 42 234
40 8 715
40 29 546
40 21 780
40 53 949
40 79 143
40 44 156
40 88 156
40 15 533
40 76 1066
40 9 871
40 99 416
40 26 1300
40 78 273
40 28 1183
40 83 520
40 66 481
40 74 260
40 56 377
40 86 611
40 39 637
40 75 1261
40 73 390
40 30 442
40 65 221
40 43 403
40 67 1040
40 5 546
40 6 1014
40 12 585
40 90 1001
40 20 858
40 35 416
40 80 663
40 24 1209
41 33 1157
41 99 13
41 77 754
41 0 728
41 58 1170
41 6 611
41 35 1183
41 2 416
41 93 923
41 92 416
41 1 234
41 72 169
41 83 754
41 39 416
41 48 897
41 82 676
41 78 715
41 54 1248
41 69 988
41 43 247
41 85 78
41 52 884
41 55 598
41 84 1222
41 27 1157
41 57 1144
41 66 936
41 11 819
41 15 806
41 7 533
41 10 234
41 91 299
41 45 1014
41 42 819
41 46 338
41 21 1040
41 30 247
41 90 702
41 70 403
41 56 299
41 31 1157
41 95 1300
41 8 1235
41 36 598
41 94 572
41 9 572
41 37 767
41 19 559
41 87 1014
41 51 975
41 74 1300
41 96 871
41 44 481
41 64 832
41 23 416
41 4 1053
41 88 208
41 59 1001
41 26 988
41 49 806
41 18 403
41 25 871
41 13 403
41 62 104
41 20 221
41 89 676
41 47 429
41 50 637
41 16 1105
41 71 26
41 5 676
41 81 1196
41 17 1001
41 76 325
41 75 78
41 34 949
41 24 754
41 60 1066
41 73 1053
42 17 637
42 98 1261
42 80 130
42 36 845
42 79 39
42 85 455
42 9 1183
42 35 494
42 43 156
42 10 156
42 41 260
42 19 156
42 74 169
42 62 819
42 29 754
42 25 1001
42 68 143
42 94 26
42 77 598
42 14 1079
42 16 507
42 49 130
42 38 858
42 73 975
42 1 1144
42 66 260
42 58 429
42 31 1144
42 26 1066
42 97 663
42 15 1118
42 70 793
42 44 403
42 71 338
42 22 104
42 69 611
42 47 442
42 7 949
42 40 975
42 30 1144
42 53 741
42 55 1027
42 93 1157
42 32 195
42 61 559
42 57 247
42 39 1079
42 0 1287
42 60 936
42 64 533
42 13 975
42 46 1144
42 27 338
42 34 1144
42 96 689
42 11 689
42 3 442
42 76 1118
42 83 598
42 86 156
42 75 1066
42 54 845
42 8 351
42 37 26
42 20 13
42 6 143
42 82 806
42 2 1001
43 96 130
43 79 39
43 1 806
43 80 1235
43 83 676
43 62 1092
43 82 1261
43 56 13
43 15 234
43 90 1014
43 38 1209
43 63 416
43 21 988
43 6 884
43 76 897
43 86 1209
43 60 663
43 54 1066
43 89 520
43 73 143
43 39 728
43 45 611
43 84 624
43 88 247
43 70 715
43 75 897
43 49 312
43 72 1144
43 47 533
43 50 585
43 9 754
43 81 1131
43 29 793
43 26 1079
43 94 1144
43 30 65
43 0 351
43 40 611
43 4 923
43 23 468
43 42 806
43 95 1274
43 57 663
43 19 507
43 98 78
43 37 104
43 74 923
43 36 650
43 53 728
43 68 806
43 16 585
43 17 26
43 8 247
43 7 1170
43 18 1118
43 24 1274
43 51 689
43 85 585
43 58 845
43 91 377
43 44 754
43 67 806
43 20 741
43 2 1131
43 59 611
43 35 546
43 5 767
43 46 1053
43 52 923
43 87 1118
43 78 585
43 41 273
43 69 754
43 13 286
43 97 728
43 14 1131
43 28 988
43 99 494
43 10 715
43 92 1248
43 32 26
43 25 949
43 93 897
43 61 78
43 31 793
43 3 325
43 33 637
44 35 1170
44 24 234
44 65 767
44 67 689
44 85 1001
44 83 260
44 40 1144
44 78 299
44 98 1014
44 7 260
44 99 1027
44 84 1183
44 16 429
44 69 299
44 19 559
44 36 715
44 42 910
44 51 52
44 68 923
44 22 273
44 47 572
44 18 637
44 1 676
44 12 351
44 11 169
44 62 1300
44 76 572
44 56 598
44 39 988
44 79 416
44 90 1222
44 89 1105
44 31 819
44 26 1300
44 37 767
44 54 533
44 0 221
44 20 676
44 59 1157
44 53 1196
44 17 325
44 55 65
44 97 1144
44 50 728
44 91 299
44 75 702
44 21 793
44 4 884
44 10 351
44 46 182
44 52 338
44 33 221
44 87 442
44 43 325
44 71 702
44 58 884
44 41 416
44 14 247
44 49 1105
44 5 364
44 38 754
44 13 1183
44 77 1300
44 88 975
44 61 1209
44 82 234
44 48 338
44 25 1027
44 93 832
44 57 1170
44 9 1053
44 80 78
44 74 195
44 27 260
45 54 1014
45 70 260
45 38 1144
45 30 533
45 18 767
45 39 325
45 86 455
45 58 78
45 81 364
45 6 1222
45 20 104
45 60 806
45 48 819
45 93 1170
45 56 130
45 75 676
45 88 689
45 41 390
45 23 143
45 46 910
45 27 897
45 77 351
45 51 637
45 49 1105
45 64 507
45 79 65
45 17 1287
45 19 52
45 21 845
45 40 637
45 65 884
45 52 663
45 53 819
45 4 1222
45 89 208
45 13 611
45 10 91
45 85 65
45 71 260
45 87 364
45 47 962
45 69 1118
45 83 1040
46 0 39
46 47 1287
46 60 1157
46 62 1261
46 51 1066
46 83 156
46 75 585
46 59 416
46 86 1014
46 15 1235
46 32 442
46 26 260
46 92 611
46 90 650
46 12 546
46 54 1131
46 89 728
46 66 1105
46 72 1235
46 99 65
46 20 780
46 53 936
46 48 468
46 6 104
46 40 182
46 24 286
46 21 468
46 81 143
46 52 923
46 41 676
46 27 1027
46 9 429
46 74 182
46 78 169
46 30 1170
46 73 988
46 43 1131
46 95 1300
46 91 273
46 5 780
46 77 364
46 16 299
46 45 1170
46 61 130
46 34 195
46 57 806
46 94 26
46 37 1053
46 17 806
46 1 442
46 11 208
46 29 676
46 42 1287
46 14 1261
46 50 442
46 80 312
46 82 208
46 68 234
46 4 338
46 88 91
46 38 611
46 76 13
46 65 819
46 49 1027
46 8 962
46 13 897
46 39 845
46 98 52
46 93 117
46 70 1261
46 85 351
46 25 429
46 19 715
46 28 1170
46 63 104
46 58 273
46 7 832
46 67 611
46 33 520
46 87 1248
46 35 845
46 64 1209
46 97 585
46 3 1079
46 2 806
46 23 1235
46 96 637
46 36 429
46 56 1079
46 18 1040
46 31 338
46 79 351
47 40 416
47 87 1183
47 93 507
47 84 1248
47 64 1157
47 69 923
47 18 637
47 30 26
47 94 1014
47 60 793
47 10 156
47 98 546
47 36 1001
47 67 793
47 1 1287
47 50 1131
47 89 442
47 7 208
47 53 507
47 38 195
47 16 169
47 56 546
47 46 715
47 97 988
47 17 299
47 71 806
47 41 1131
47 55 260
47 43 338
47 5 130
47 78 689
47 65 1027
47 66 1105
47 48 442
47 73 117
47 24 273
47 34 13
47 12 650
47 8 832
47 31 676
47 54 130
47 58 533
47 61 845
47 86 884
47 39 1066
47 70 1209
47 23 806
47 88 1079
47 35 91
47 62 260
47 81 117
47 85 975
47 95 1053
47 29 546
47 91 793
47 82 442
47 92 559
47 26 91
48 26 156
48 60 676
48 29 286
48 78 26
48 72 1170
48 37 1274
48 94 1118
48 99 1131
48 91 117
48 85 182
48 51 1274
48 19 871
48 39 1092
48 52 858
48 92 156
48 75 130
48 66 442
48 44 832
48 93 1105
48 82 936
48 36 1183
48 41 494
48 10 1105
48 17 1183
48 3 923
48 97 1183
48 67 351
48 53 585
48 96 65
48 68 455
48 5 364
48 40 1053
48 58 1300
48 24 975
48 84 117
48 25 1105
48 42 988
48 77 52
48 55 1079
48 1 169
48 87 962
48 34 949
48 45 13
48 16 1222
48 63 403
48 22 715
48 90 403
48 64 663
48 27 1079
48 30 780
48 6 273
48 11 1079
48 8 507
48 98 676
48 89 845
48 83 741
48 56 741
48 71 286
48 81 1261
48 59 637
49 94 546
49 93 663
49 2 767
49 82 65
49 40 572
49 60 1222
49 32 1053
49 14 1170
49 70 1040
49 28 520
49 13 13
49 51 637
49 6 702
49 69 910
49 78 442
49 8 858
49 31 507
49 44 910
49 7 624
49 21 767
49 36 793
49 10 1274
49 73 975
49 46 585
49 74 767
50 68 1066
50 51 1196
50 24 676
50 75 923
50 62 715
50 97 819
50 41 923
50 59 286
50 92 455
50 37 715
50 93 611
50 43 988
50 83 182
50 28 689
50 48 819
50 29 65
50 36 442
50 99 689
50 96 715
50 6 897
50 26 130
50 20 637
50 87 1014
50 22 1287
50 94 715
50 3 130
50 44 312
50 5 1261
50 82 312
50 0 624
50 80 1105
50 72 702
50 7 1235
50 13 416
50 78 1170
50 69 728
50 90 234
50 85 1261
50 77 390
50 4 1118
50 57 897
50 8 689
50 73 273
50 21 1196
50 30 52
50 32 598
50 33 143
50 27 234
50 56 1040
50 2 819
50 46 91
50 40 611
50 49 494
50 54 390
50 19 156
50 38 117
50 15 351
50 63 1053
50 64 715
50 11 988
50 25 962
50 79 637
50 9 364
50 91 910
50 23 715
50 81 1079
50 58 819
50 17 13
50 42 1040
50 88 104
50 67 1300
50 60 1066
50 18 312
50 86 806
50 39 793
50 74 1040
50 71 585
50 1 104
50 98 793
50 76 416
50 12 598
50 52 468
50 53 1170
50 10 104
50 16 338
50 66 312
50 35 377
50 34 793
50 14 689
50 84 884
50 45 13
50 47 1040
50 70 91
50 61 728
50 65 923
50 89 481
50 95 1274
50 55 728
50 31 182
51 24 1235
51 64 325
51 7 1014
51 74 1027
51 15 1105
51 54 65
51 11 156
51 62 52
51 69 1092
51 35 1183
51 34 871
51 4 806
51 56 1209
51 32 312
51 19 1235
51 91 1066
51 90 325
51 76 1014
51 53 65
51 26 611
51 84 1118
51 55 884
51 60 468
51 50 130
51 49 1040
51 28 845
51 71 832
51 14 1079
51 99 806
51 57 650
51 79 819
51 29 26
51 67 520
51 16 403
51 6 403
51 8 195
51 5 39
51 30 156
51 40 1287
51 13 481
51 80 1196
51 95 689
51 66 1001
51 78 481
51 73 897
51 52 65
51 96 1183
51 65 442
51 18 741
51 45 130
51 39 598
51 61 754
51 23 481
51 87 650
51 1 1014
51 20 780
51 82 871
51 0 1001
51 86 182
51 63 1053
51 37 923
51 42 663
51 92 312
51 47 1040
51 46 1261
51 27 871
51 88 663
51 98 871
51 70 689
51 12 494
51 44 286
51 94 338
51 31 689
52 43 1144
52 42 598
52 8 416
52 22 598
52 71 143
52 40 1014
52 75 1183
52 19 637
52 55 455
52 21 299
52 13 832
52 46 663
52 77 13
52 80 611
52 87 39
52 34 299
52 91 169
52 29 546
52 57 299
52 25 1001
52 73 1222
52 86 923
52 69 702
52 38 559
52 62 507
52 30 26
52 70 377
52 56 1235
52 95 572
52 63 364
52 85 884
52 31 286
52 15 143
52 23 1118
52 72 325
52 79 1287
52 32 611
52 36 923
52 78 975
52 20 806
52 90 637
52 74 182
52 65 1209
52 51 559
52 27 1209
52 93 676
52 96 156
52 81 208
52 47 806
52 33 728
52 60 1274
52 10 1261
52 49 1235
52 88 923
52 7 689
52 89 962
52 2 585
52 48 91
52 66 429
52 58 65
52 9 143
52 1 559
52 94 1209
52 6 520
52 44 1105
52 67 1196
52 98 234
52 3 793
52 68 962
52 59 390
52 17 702
52 84 429
52 28 442
52 54 1287
52 11 507
52 92 260
52 24 208
52 99 1092
52 64 273
52 26 1196
52 97 1040
52 16 1274
52 0 871
52 45 455
52 83 1300
52 76 1040
52 12 1079
52 14 1222
53 39 832
53 99 910
53 58 65
53 65 1170
53 78 351
53 37 559
53 45 1170
53 57 1040
53 24 286
53 25 689
53 43 1040
53 38 507
53 89 728
53 96 559
53 17 260
53 77 455
53 88 728
53 26 247
53 82 169
53 29 299
53 92 923
53 36 897
53 79 702
53 56 520
53 15 871
53 9 169
53 12 455
53 46 897
53 67 650
53 27 1014
53 32 676
53 70 403
53 21 208
53 5 1183
53 75 624
53 19 1248
53 81 1144
53 2 897
53 52 416
53 61 507
53 86 754
53 1 520
53 97 455
53 59 403
53 94 637
53 40 442
53 22 182
53 90 598
53 72 962
53 20 884
53 16 1196
53 4 1040
53 10 156
53 18 234
53 13 1222
53 44 975
53 7 793
53 93 481
53 80 949
53 63 325
53 73 975
53 49 221
53 95 1040
53 98 624
53 91 1183
53 14 117
53 47 403
53 31 741
53 66 286
53 28 234
53 11 130
53 3 1092
53 68 1014
53 33 65
53 64 780
53 76 910
53 30 663
53 48 1274
53 35 312
53 87 754
53 23 1105
53 83 260
53 0 494
53 50 403
53 34 832
53 41 1248
53 51 715
53 55 728
53 85 741
53 54 39
53 74 858
53 60 936
53 84 780
53 69 1261
54 91 585
54 28 598
54 12 1274
54 59 468
54 19 338
54 39 91
54 65 624
54 37 416
54 89 247
54 81 1014
54 8 117
54 35 52
54 88 1053
54 9 1235
54 32 637
54 55 1235
54 63 247
54 99 325
54 76 845
54 71 884
54 33 1066
54 5 195
54 2 468
54 3 1066
54 68 1196
54 50 1027
54 73 832
54 74 702
54 48 247
54 16 1066
54 94 104
54 6 429
54 23 1105
54 90 130
54 29 403
54 80 546
54 14 832
54 56 1144
54 0 1040
54 95 676
54 45 520
54 20 949
54 43 468
54 66 1079
54 58 806
54 72 260
54 49 1053
54 13 793
54 84 1092
54 87 143
55 27 351
55 22 1235
55 66 1144
55 50 494
55 45 1079
55 42 884
55 46 1170
55 62 949
55 89 182
55 85 663
55 92 13
55 14 286
55 40 1027
55 98 377
55 23 260
55 71 1144
55 1 806
55 57 780
55 96 1170
55 9 871
55 25 494
55 52 481
55 38 507
55 16 1170
55 63 1118
55 33 338
55 70 702
55 35 988
55 97 1196
55 48 91
55 61 936
55 73 351
55 54 858
55 24 559
55 26 78
55 34 598
55 64 572
55 88 1170
55 82 299
55 90 26
55 21 728
55 69 26
55 87 494
55 13 364
55 58 585
55 28 468
55 86 1209
55 17 1170
55 6 832
55 93 273
55 94 1001
55 3 104
56 10 624
56 70 364
56 53 1066
56 86 1274
56 57 52
56 74 13
56 65 247
56 64 1118
56 51 1079
56 54 884
56 68 832
56 84 338
56 28 650
56 67 1183
56 88 1261
56 99 780
56 76 416
56 95 949
56 47 533
56 27 663
56 71 1222
56 81 754
56 13 26
56 62 169
56 15 364
56 17 1092
56 49 26
56 77 936
56 39 299
56 1 39
56 94 39
56 44 650
56 89 1001
56 85 897
56 90 897
56 41 1027
56 58 26
56 55 1118
56 21 897
56 37 1274
56 9 416
56 97 910
56 78 884
56 5 1105
56 87 1053
56 83 507
56 52 936
56 46 884
56 69 1001
56 34 364
56 98 806
56 29 299
56 35 507
56 38 702
56 72 1079
56 42 689
56 16 754
56 12 26
56 22 1209
56 0 910
56 36 78
56 93 1300
56 59 676
56 8 585
56 43 507
56 26 221
56 31 663
56 3 234
56 18 780
56 73 1196
56 30 338
56 4 1131
56 60 1079
56 24 663
56 23 455
56 82 338
56 92 663
56 14 611
56 20 949
56 96 1209
56 66 52
56 63 1235
56 2 1157
56 75 819
56 48 221
56 25 325
56 80 1274
56 91 559
56 40 1183
56 6 273
56 19 611
56 45 1040
56 32 364
56 7 195
56 61 1131
56 33 624
57 95 780
57 88 1261
57 16 481
57 94 793
57 4 871
57 33 26
57 93 260
57 51 494
57 6 845
57 80 234
57 26 273
57 45 663
57 48 1235
57 76 1274
57 18 1144
57 74 91
57 31 1079
57 29 247
57 3 299
57 84 949
57 41 351
57 2 455
57 7 767
57 77 819
57 82 1092
57 99 611
57 86 1300
57 38 273
57 83 1053
57 60 1274
57 21 130
57 9 975
57 72 468
57 50 377
57 20 988
57 19 1092
57 30 156
57 34 650
57 96 1118
57 39 39
57 24 611
57 55 910
57 71 13
57 62 676
57 67 598
57 54 169
57 61 39
57 79 481
57 44 117
57 81 1066
57 14 1274
57 85 286
57 92 286
57 37 871
57 27 195
57 87 455
57 78 104
57 0 676
57 5 182
57 91 624
57 58 403
57 17 91
57 22 351
57 12 624
57 13 1105
57 25 1027
57 35 390
57 63 650
57 49 819
57 97 221
57 98 572
57 70 715
57 32 1053
57 11 936
57 90 741
57 8 78
57 53 221
57 89 923
57 47 143
57 75 559
57 68 1092
57 56 858
57 43 650
57 42 1157
57 46 949
57 40 1092
57 10 819
57 23 936
57 69 715
57 66 663
58 75 1027
58 83 624
58 54 1144
58 89 299
58 30 65
58 74 273
58 32 130
58 94 702
58 76 676
58 39 208
58 31 806
58 20 819
58 27 78
58 46 1287
58 10 1092
58 70 780
58 79 403
59 41 351
59 80 1079
59 32 650
59 72 234
59 44 949
59 22 351
59 49 442
59 98 1209
59 27 793
59 66 1027
59 19 1170
59 25 507
59 54 1222
59 17 1183
59 63 364
59 8 234
59 81 260
59 33 1053
59 36 741
60 30 1170
60 8 988
60 26 299
60 25 845
60 7 689
60 94 611
60 54 1040
60 67 1274
60 44 1105
60 48 1261
60 96 234
60 22 1014
60 75 572
60 50 52
60 9 65
60 32 156
60 2 559
60 3 637
60 17 1001
60 13 611
60 99 52
60 62 338
60 43 624
60 51 247
60 82 637
60 10 715
60 89 234
60 72 325
60 41 91
60 97 858
60 81 1079
60 49 247
60 78 520
60 12 585
60 87 637
60 56 767
60 28 1066
60 23 156
60 74 1274
60 69 1170
60 46 169
60 18 390
60 11 416
60 36 39
60 35 806
60 38 65
60 83 130
60 33 52
60 53 234
60 14 806
60 4 442
60 90 1105
60 88 52
60 0 689
60 39 949
60 42 1079
60 6 1040
60 52 754
60 92 234
60 19 988
60 95 1196
60 16 338
60 93 39
60 71 221
60 21 715
60 77 403
60 27 715
60 70 169
61 29 806
61 6 533
62 79 819
62 29 962
62 23 1300
62 90 689
62 53 429
62 26 234
62 84 910
62 16 1261
62 0 1014
62 95 910
62 89 1196
62 18 1222
62 35 156
62 86 1170
62 68 169
62 94 1248
62 34 13
62 70 117
62 11 78
62 8 975
62 19 1209
62 80 221
62 15 247
62 59 416
62 56 260
62 31 884
62 33 1274
62 92 949
62 42 1118
62 37 247
62 58 39
63 0 117
63 79 728
63 10 416
63 95 182
63 17 650
63 39 1157
63 69 858
63 66 1157
63 48 494
63 22 1131
63 35 494
63 68 858
63 72 624
63 78 559
63 47 637
63 62 975
63 16 715
63 70 533
63 86 1157
63 75 559
63 5 1157
63 56 1040
63 43 195
63 26 221
63 4 1066
63 55 637
63 53 1118
64 33 546
64 12 78
64 21 403
64 96 507
64 23 988
64 59 364
64 14 559
64 2 793
64 94 1261
64 9 247
64 72 299
64 20 338
64 88 923
64 78 52
64 28 1131
64 17 585
64 16 13
64 7 1131
64 81 104
64 60 1053
64 11 598
64 31 767
64 46 143
64 77 312
64 50 481
64 35 1092
64 25 559
64 32 390
64 65 1079
64 48 884
64 87 403
64 82 858
64 52 429
64 61 910
64 6 962
64 56 871
64 44 494
64 73 78
64 86 1222
65 60 429
65 84 832
65 21 416
65 36 1105
65 93 338
65 2 1118
65 74 234
65 90 923
65 27 624
65 35 572
65 32 1092
65 39 338
65 17 1131
65 91 1001
65 80 676
65 86 26
65 72 1300
65 89 143
65 24 442
65 62 325
65 64 1066
65 26 637
65 19 481
65 55 546
65 63 403
65 0 325
65 22 1196
65 92 1235
65 67 754
65 61 364
65 69 871
65 25 923
65 56 728
65 52 299
65 98 507
65 85 923
65 49 949
65 76 221
65 8 988
65 14 1183
65 59 481
65 75 273
65 20 741
65 13 286
65 95 247
65 45 1118
65 71 78
65 78 351
65 12 429
65 70 715
65 66 988
65 68 455
65 7 780
65 18 702
65 77 130
65 38 91
65 96 169
65 10 871
65 3 299
65 47 247
65 48 65
65 87 1131
65 37 767
65 79 936
65 81 234
65 29 1157
65 34 624
65 16 455
65 6 585
65 50 819
65 44 39
65 42 364
65 43 455
65 51 624
66 4 481
66 25 494
66 98 585
67 37 1066
67 85 104
67 87 65
67 66 299
67 52 1014
67 83 871
67 93 65
67 46 1066
67 4 338
67 35 897
67 62 390
67 95 741
67 92 169
67 41 169
67 10 299
67 57 780
67 45 247
67 19 234
67 98 546
67 18 611
67 76 520
67 59 91
67 8 468
67 5 1300
67 47 1040
67 39 325
67 79 377
67 64 403
67 73 481
67 21 208
67 84 468
67 1 871
67 82 260
67 22 520
67 38 1157
67 99 585
67 69 286
67 74 1157
67 43 559
67 28 52
67 70 39
67 49 559
67 13 1248
67 91 143
67 9 1196
67 34 637
67 40 1079
67 23 1027
67 20 858
67 26 910
67 94 455
67 89 91
67 50 1157
67 80 1027
67 48 1248
67 97 78
67 36 1079
67 16 247
67 33 156
67 2 1157
67 77 949
67 65 910
67 30 364
67 12 416
67 7 819
67 75 403
67 90 143
67 11 39
67 54 13
67 42 884
67 24 650
67 44 832
67 71 715
67 86 585
67 72 1261
68 90 1261
68 44 1183
68 87 741
68 41 1027
68 96 858
68 95 702
68 82 1196
68 29 1300
68 61 624
68 31 104
68 81 611
68 24 1209
68 19 1287
68 55 1040
68 20 819
68 72 949
68 12 221
68 59 1144
68 26 1248
68 70 429
68 74 1014
68 3 975
68 62 299
68 65 1261
68 10 1131
68 34 1105
68 93 286
68 85 247
68 91 156
68 97 429
68 76 559
68 89 247
68 77 65
68 83 1222
68 35 988
68 8 455
68 75 741
68 14 260
68 40 1040
68 60 1079
68 7 897
68 13 338
68 37 1261
68 33 208
68 28 663
68 39 195
68 23 52
68 66 1183
68 15 221
68 92 338
68 51 988
68 48 1040
68 4 442
68 27 754
68 98 1053
68 47 481
68 22 481
68 80 104
68 52 676
68 21 559
68 64 598
68 71 923
68 1 1209
68 46 871
68 63 624
68 18 1053
68 56 533
68 94 663
68 58 533
68 67 715
68 30 1183
68 5 715
68 45 559
69 34 988
69 68 1040
69 81 962
69 38 338
69 45 416
69 40 975
69 33 351
69 37 663
69 93 1118
69 65 377
69 58 1170
69 23 858
69 47 1066
69 13 533
69 15 143
69 0 130
69 30 91
69 28 312
69 88 1118
69 35 1261
69 57 546
69 92 832
69 31 455
69 78 1105
69 10 767
69 99 1131
69 56 377
69 75 273
69 61 403
69 39 572
69 64 104
69 89 1209
69 46 546
69 7 1092
69 9 286
69 19 338
69 72 559
69 49 104
69 16 650
69 98 169
69 3 819
69 43 1079
69 27 533
69 14 1105
69 2 572
69 74 689
69 90 52
69 63 494
69 83 507
69 1 1300
69 18 702
69 22 169
69 24 1287
69 21 195
69 95 1209
69 71 923
69 53 351
69 44 1183
69 17 403
69 26 1131
69 6 897
69 96 52
69 91 806
69 36 1261
69 50 1027
69 29 754
69 84 962
69 82 221
69 25 949
69 11 1196
69 85 676
69 52 273
69 87 780
69 77 416
69 5 572
69 41 234
69 79 13
69 42 507
69 20 52
69 4 78
69 66 663
69 48 715
69 76 481
69 73 377
69 67 819
69 59 26
69 62 1079
69 97 611
69 54 65
69 55 1027
69 8 143
69 70 1248
69 86 1222
69 12 780
69 32 1105
69 51 884
70 26 78
70 93 195
70 60 1079
70 40 819
70 55 910
70 8 533
70 72 286
70 81 26
70 62 377
70 24 1144
70 6 221
70 65 39
70 43 1170
70 36 208
70 73 403
70 92 481
70 45 156
70 54 702
70 4 1157
70 82 910
70 49 806
70 79 13
70 35 819
70 0 546
70 21 988
70 97 416
70 87 572
70 95 793
70 15 988
70 52 689
70 80 754
70 32 13
70 34 884
70 23 585
70 20 1235
70 74 91
70 47 1014
70 18 104
70 85 793
70 69 468
70 44 845
70 12 1105
70 64 403
70 76 39
70 53 728
70 58 455
70 30 39
70 94 442
70 16 26
70 9 1287
70 28 702
70 25 494
70 33 1235
70 27 1131
70 7 663
70 63 1235
70 29 767
70 50 494
70 61 637
70 66 988
70 71 78
70 17 962
70 83 819
70 90 104
70 84 442
70 68 1001
70 41 1248
70 56 728
70 5 182
71 37 455
71 3 663
71 39 1183
71 94 143
71 19 429
71 25 741
71 58 1144
71 53 221
71 60 871
71 46 1144
71 34 377
71 86 741
71 30 728
71 35 1001
71 18 416
71 23 221
71 9 1261
71 13 351
71 67 819
71 2 338
71 70 39
71 89 884
71 24 351
71 87 520
71 47 325
71 65 1196
71 57 1014
71 7 1092
71 69 975
71 0 1196
71 10 260
71 54 689
71 66 754
71 1 52
71 97 286
71 74 598
71 83 1170
71 73 793
71 27 1170
71 4 1287
72 65 676
72 20 1287
72 38 1079
72 19 1131
72 51 26
72 16 1183
72 95 1079
72 86 247
72 47 429
72 89 507
72 6 871
72 82 637
72 48 78
72 13 520
72 94 611
72 88 52
72 36 585
72 8 598
72 50 364
72 84 793
72 77 936
72 85 442
72 91 481
72 41 936
72 97 169
72 70 39
72 25 1170
72 29 507
72 75 130
72 23 650
72 49 494
72 69 910
72 31 1170
72 34 351
72 10 403
72 42 884
72 96 949
72 24 806
72 81 806
72 78 1092
72 64 624
72 18 182
72 93 1014
72 32 533
72 61 624
72 43 871
72 67 598
72 37 611
72 27 845
72 60 1118
72 62 26
72 21 468
72 14 988
72 83 533
72 57 1040
72 71 793
72 59 377
72 45 1196
72 3 156
72 1 416
72 98 832
72 87 702
72 33 130
72 52 416
73 78 1014
73 59 52
73 14 338
73 75 1105
73 47 52
73 10 611
73 36 26
73 54 1014
73 52 572
73 80 611
73 70 1287
73 26 182
73 72 1092
73 35 741
73 79 78
73 3 1079
73 48 1209
73 99 624
73 38 1157
73 64 884
73 22 988
73 90 689
73 97 429
73 92 169
73 95 741
73 23 1222
73 40 325
73 85 910
73 50 936
73 74 442
73 45 325
73 17 169
73 66 1235
73 77 182
73 0 221
73 21 494
73 61 975
73 42 455
73 20 1092
73 28 364
73 96 234
73 37 1105
73 56 884
73 58 663
73 6 1183
73 9 988
73 31 65
73 82 1040
73 93 975
73 25 1118
73 2 169
73 39 65
73 83 91
73 7 806
73 24 1170
73 1 975
73 60 1235
73 65 546
73 27 351
74 4 91
74 43 182
74 63 377
74 46 507
74 98 286
74 7 1027
74 41 65
74 22 884
74 6 780
74 97 1261
74 10 260
74 50 455
74 82 871
74 18 39
74 95 897
74 85 689
74 62 1066
74 54 104
74 88 1261
74 29 260
74 77 767
74 80 1014
74 3 624
74 1 169
74 15 572
74 87 819
74 44 1287
74 19 338
74 9 312
74 69 936
74 42 1014
74 67 1014
74 99 1196
74 2 520
74 81 897
74 60 1118
74 26 481
74 96 104
74 36 13
74 64 1157
74 78 39
74 55 390
74 68 65
74 57 104
74 0 455
74 70 169
74 14 221
74 86 182
75 77 559
75 40 13
75 63 481
75 7 936
75 33 923
75 25 39
75 78 429
75 57 767
75 1 1027
75 70 91
75 13 351
75 28 767
75 39 1261
75 58 507
75 80 182
75 82 1170
75 86 234
75 74 546
75 8 988
75 30 286
75 89 156
75 27 169
75 68 351
75 3 559
76 67 195
76 68 871
76 91 182
76 77 520
76 62 598
76 57 65
76 69 1131
76 56 156
76 93 442
76 13 559
76 32 780
76 0 507
76 14 1157
76 64 767
76 24 286
76 82 832
76 2 1196
76 99 78
76 66 793
76 51 845
76 25 91
76 78 481
76 34 117
76 58 91
76 17 26
76 22 741
76 40 1053
76 53 1118
76 47 741
76 83 741
76 18 1287
76 35 286
76 16 572
76 12 338
76 55 1014
76 1 520
76 5 611
76 11 936
76 54 962
76 97 52
76 72 351
76 94 936
76 28 468
76 29 156
76 48 663
76 30 91
76 73 299
76 31 520
76 44 793
76 45 1014
76 39 39
77 39 208
77 33 39
77 4 1092
77 51 169
77 94 1053
77 71 1144
77 69 572
77 93 286
77 42 1248
77 52 442
77 55 1040
77 49 1300
77 96 169
77 98 65
77 79 416
77 95 741
77 78 468
77 72 741
77 32 65
77 47 156
77 85 1235
77 88 52
77 9 546
77 89 117
77 83 1183
77 7 26
77 12 897
77 76 1196
77 61 650
77 2 884
77 8 637
77 70 208
77 37 494
77 14 1235
77 19 572
77 64 1196
77 75 1092
77 46 793
77 16 455
77 57 195
77 53 1196
77 17 1040
77 36 234
77 13 962
77 30 338
77 82 637
77 20 637
77 80 884
77 66 442
77 48 910
77 11 390
77 54 715
77 44 1235
77 99 234
77 35 13
77 43 1157
77 10 1196
77 87 1040
77 91 923
77 90 780
77 84 1131
77 50 559
77 22 1014
77 0 13
77 29 806
77 74 1274
77 18 546
77 28 481
77 25 1209
78 23 780
78 31 1196
78 98 1261
78 29 325
78 59 247
78 13 442
78 40 988
78 85 1066
78 60 1118
78 44 1248
78 36 377
78 84 1196
78 71 390
78 38 169
78 64 338
78 86 832
78 81 117
78 52 1144
78 47 117
78 68 1287
78 72 143
78 93 169
78 92 1001
78 7 572
78 2 806
78 14 1287
78 46 559
78 43 741
78 69 975
78 80 208
78 15 1118
78 1 572
78 34 312
78 58 299
78 22 455
78 96 156
78 61 624
78 73 546
78 28 689
78 63 130
78 6 637
78 17 312
78 10 1261
78 65 1118
78 41 546
78 82 806
78 18 676
78 39 1105
78 67 650
78 74 1235
78 8 988
78 70 962
78 21 819
78 0 1053
78 88 546
79 84 598
79 86 1287
79 55 546
79 63 975
79 95 871
79 45 650
79 70 585
79 53 52
79 39 325
79 33 910
79 89 1248
79 27 429
79 17 442
79 28 1183
79 75 754
79 10 598
79 5 1053
79 12 1157
79 81 533
79 62 52
79 3 455
80 35 351
80 13 91
80 37 1287
80 11 1235
80 90 390
80 52 91
80 71 507
80 56 728
80 97 754
80 38 923
80 75 234
80 99 143
80 7 195
80 91 1300
80 63 1300
80 22 754
80 1 988
80 21 949
80 41 923
80 4 975
80 9 923
80 19 442
80 57 676
80 16 689
80 96 559
80 70 468
80 39 1053
80 51 1170
80 42 559
80 31 845
80 86 65
80 49 832
80 58 923
80 54 26
80 2 975
80 47 507
80 82 845
80 69 637
80 95 52
80 62 65
80 59 273
80 23 13
80 53 741
80 84 559
80 33 104
80 50 1066
80 64 1274
80 89 689
80 26 1157
80 44 1157
80 10 78
80 24 78
80 76 923
80 18 403
80 74 676
80 68 143
80 46 299
80 17 234
80 79 1274
80 15 403
80 6 1248
80 83 949
80 67 897
80 78 247
80 66 754
80 55 221
80 40 806
80 43 312
80 12 91
80 48 65
80 65 273
80 29 195
80 30 520
80 94 1131
80 61 364
80 32 1261
80 88 455
80 87 962
80 60 728
80 27 130
80 28 1144
80 5 1222
80 93 1183
80 34 585
81 24 988
81 69 1157
81 87 624
81 4 338
81 83 1274
81 16 416
81 37 1170
81 43 247
81 61 715
81 23 923
81 92 286
81 21 1300
81 93 637
81 7 897
81 85 169
81 32 221
81 35 884
81 49 247
81 11 858
81 45 481
81 82 429
81 72 1040
81 41 1131
81 50 1248
81 44 1131
81 18 156
81 53 312
81 75 429
81 90 117
81 20 533
81 14 897
81 73 598
81 70 273
81 59 845
81 34 1248
81 78 1092
81 94 676
81 26 611
81 71 676
81 17 832
81 27 936
81 6 507
81 48 1287
81 58 650
81 97 195
81 5 546
81 22 1235
81 76 455
81 9 1248
81 77 286
81 33 728
81 95 819
81 88 455
81 66 312
81 30 676
81 46 624
81 89 1248
81 2 130
81 51 988
81 31 832
81 28 104
81 52 156
81 19 455
81 57 1209
81 10 494
81 91 884
81 15 806
81 25 1066
81 42 1027
81 74 533
81 8 260
81 86 260
81 84 637
81 79 494
81 47 403
81 3 299
81 12 234
81 99 572
81 67 1300
81 13 689
81 98 598
81 63 130
81 55 208
81 68 1209
81 1 429
81 60 390
81 54 1287
82 18 156
82 51 1274
82 92 1131
82 53 871
82 20 572
82 17 754
82 27 988
82 56 715
82 60 234
82 4 1053
82 15 26
82 68 1248
82 79 598
82 48 286
82 24 52
82 97 1105
82 70 104
82 10 1001
82 42 104
82 38 1235
82 2 884
82 19 195
82 8 169
82 49 468
82 0 767
82 21 858
82 30 351
82 94 1261
82 11 819
82 54 143
82 45 975
82 58 845
82 99 1222
82 12 520
82 22 572
82 93 949
82 83 741
82 63 169
82 89 533
82 52 468
82 78 819
82 74 884
82 39 13
82 5 338
82 14 1183
82 71 598
82 1 130
82 75 1274
82 13 884
82 32 676
82 50 429
82 37 1092
82 36 585
82 16 962
82 88 130
82 95 1248
82 34 572
82 67 780
82 98 1248
82 40 1183
82 41 286
82 76 702
82 64 533
82 62 1300
82 59 260
82 6 117
82 86 182
82 9 1014
82 69 1300
82 26 1300
82 43 143
82 28 273
82 81 585
82 3 65
82 85 1027
82 72 182
82 55 1157
82 96 624
82 90 273
82 47 26
82 33 1014
82 44 754
82 87 377
82 73 468
82 25 884
82 29 1053
82 35 104
82 84 806
82 46 1027
82 57 1183
82 77 325
83 12 1170
83 54 923
83 51 312
83 3 104
83 4 1235
83 49 1248
83 18 572
83 94 988
83 91 403
83 58 39
83 79 390
83 8 117
83 28 845
83 19 1092
83 46 962
83 17 585
83 96 754
83 47 52
83 87 351
83 42 819
83 66 1092
83 92 182
83 55 585
83 34 559
84 49 1040
84 42 130
84 54 598
84 63 624
84 78 546
84 24 416
84 25 1287
84 4 273
84 90 52
84 50 611
84 85 897
84 64 377
84 53 143
84 99 416
84 45 1287
84 62 143
84 38 468
84 34 949
84 22 182
84 74 13
84 86 650
84 88 39
84 89 988
84 80 143
84 82 117
84 0 767
84 72 1300
84 2 689
84 13 975
84 65 65
84 14 923
84 77 1183
84 81 780
84 47 364
84 68 572
84 18 585
84 33 520
84 95 650
84 94 832
84 20 871
84 5 13
84 70 962
84 67 936
84 39 676
84 60 949
84 43 1183
84 75 507
84 3 572
84 36 988
84 59 559
84 16 13
84 37 1092
84 73 247
84 56 156
84 30 767
84 91 1274
84 10 1209
84 23 260
84 51 858
84 26 247
84 97 832
84 58 117
84 92 611
84 12 247
84 71 676
84 7 819
84 27 312
84 8 13
84 52 117
84 31 1131
85 57 533
85 16 416
85 17 65
85 5 507
85 36 351
85 24 390
85 38 884
85 4 455
85 66 1105
85 68 559
85 89 1261
85 72 884
85 91 572
85 80 819
85 14 468
85 97 741
85 47 312
85 96 130
85 74 689
85 21 858
86 75 1300
86 50 234
86 92 936
86 54 572
87 10 572
87 76 52
87 17 1053
87 78 806
87 8 546
87 18 377
87 15 650
87 56 624
87 5 312
87 66 208
87 50 39
87 59 884
87 28 195
87 75 962
87 16 689
87 72 1001
87 33 377
87 46 832
87 53 377
87 70 1027
87 36 676
87 71 156
87 22 520
87 11 1287
87 48 221
87 65 1287
87 39 247
87 52 130
87 1 26
87 29 1287
87 84 455
87 43 520
87 62 520
87 41 312
87 86 910
87 34 1066
87 80 1287
87 82 1300
87 32 247
87 94 702
87 97 104
87 77 1209
87 90 195
87 88 403
87 42 767
87 79 195
87 57 845
87 44 1300
87 19 507
87 73 598
87 24 884
87 27 793
87 38 715
87 45 260
87 85 936
87 96 871
87 37 377
87 92 1235
87 74 390
87 91 208
87 2 754
87 47 26
87 89 286
87 40 1131
87 31 338
87 12 884
87 7 702
87 69 234
87 9 676
87 54 533
87 81 39
87 14 78
87 99 520
87 51 884
87 95 1170
87 61 663
87 30 520
87 60 52
87 55 702
87 64 663
87 13 1222
87 49 1053
87 83 260
88 22 91
88 15 962
88 12 975
88 14 1092
88 94 286
88 23 286
88 85 325
88 31 1157
88 6 1196
88 50 988
88 81 1157
88 4 806
88 7 78
88 87 845
88 86 494
88 3 1196
88 66 624
88 96 793
88 0 442
88 2 481
88 37 481
88 97 507
88 48 442
88 45 1001
88 34 455
88 95 637
88 1 299
88 21 195
88 46 1001
88 44 585
88 11 1066
88 79 663
88 41 1196
88 25 1235
88 64 273
88 17 312
88 54 793
88 27 156
88 72 741
88 36 1248
88 16 1170
88 84 260
88 51 26
88 19 572
88 5 923
88 32 1300
88 43 156
88 74 949
88 29 1092
88 58 494
88 55 416
88 59 338
88 78 624
89 37 1144
89 58 1300
89 41 1131
89 43 507
89 9 1235
89 49 1053
89 61 780
89 74 104
89 6 299
89 23 819
89 57 1053
89 82 1274
89 4 1287
89 88 819
89 18 1248
89 29 741
89 55 1131
89 36 1027
89 1 1183
89 8 1027
89 80 520
89 27 884
89 66 117
89 53 1001
89 97 13
89 76 637
89 20 468
89 98 1196
89 14 780
89 25 1079
89 34 247
89 56 845
89 35 1118
89 72 247
89 31 819
89 90 1131
89 11 1157
89 40 1183
89 96 923
89 91 754
89 13 1105
89 75 1287
89 44 1287
89 67 546
89 33 299
89 85 832
89 71 884
89 54 923
89 7 806
89 0 1105
89 99 52
89 22 338
89 86 975
89 65 78
89 30 871
90 15 26
90 73 26
90 65 936
90 8 897
90 22 702
90 52 351
90 6 546
90 37 1144
90 51 286
90 78 1248
90 85 1014
90 19 299
90 1 1248
90 14 468
90 58 832
90 29 741
90 79 1300
90 42 1014
90 36 1274
90 5 1144
90 55 78
90 72 507
91 33 442
91 64 884
91 53 1287
91 34 1079
91 71 104
91 92 429
91 97 1157
91 1 1274
91 69 845
91 58 676
91 18 1274
91 41 78
91 57 1300
91 65 598
91 94 39
91 11 182
91 8 962
91 85 1261
91 66 429
91 45 1105
91 79 390
91 17 637
91 21 195
91 28 26
91 3 806
91 35 1027
91 46 1274
91 24 1079
91 12 1170
91 6 1300
91 98 377
91 51 1053
91 20 195
91 73 299
91 14 637
91 19 637
91 55 1183
91 62 793
91 88 299
91 68 143
91 0 377
91 81 299
91 78 13
91 50 741
91 27 1040
91 39 689
91 72 221
91 7 1183
91 74 715
91 59 1040
91 42 1183
91 2 260
91 36 195
91 76 910
91 23 819
91 63 1053
91 56 1287
91 61 1157
91 77 169
91 54 767
91 75 1092
91 40 702
91 99 416
91 29 572
91 95 1235
91 13 559
91 10 1261
91 67 585
91 49 143
91 86 1300
91 5 182
91 82 130
92 46 260
92 30 572
92 87 1040
92 66 130
92 51 624
92 90 143
92 31 390
93 76 65
93 38 559
93 96 1001
93 29 1209
93 68 1183
93 63 689
93 67 429
93 11 897
93 23 1248
93 78 702
93 66 78
93 43 182
93 0 689
93 52 819
93 87 1300
93 81 637
93 33 260
93 7 715
93 45 546
93 42 572
93 1 403
93 95 507
93 28 923
93 20 806
93 83 1209
93 75 299
93 6 247
93 61 884
93 39 871
93 94 377
93 85 1118
93 60 611
93 35 1105
94 13 702
94 87 286
94 40 611
94 53 1066
94 4 169
94 98 325
94 0 1222
94 55 559
94 46 1261
94 99 117
94 82 1157
94 68 481
94 44 715
94 48 572
94 85 312
94 21 884
94 25 39
94 65 195
94 96 1144
94 41 1066
94 26 39
94 5 871
94 15 390
94 37 767
94 81 936
94 19 871
94 58 416
94 67 689
94 64 1170
94 90 598
94 73 494
94 74 1118
94 66 52
94 60 1040
94 9 1001
94 97 117
94 12 364
94 75 286
94 17 1196
94 52 39
94 42 1027
94 27 78
94 34 1014
94 20 507
94 88 1261
94 2 650
94 78 741
94 72 1066
94 10 650
94 47 884
94 6 715
94 50 1261
94 29 572
94 38 1053
94 14 338
94 23 962
94 89 182
94 51 494
94 86 767
94 63 663
94 32 325
94 11 936
94 30 741
94 28 884
94 69 949
94 54 767
94 84 91
94 91 26
94 95 871
94 61 65
95 85 962
95 67 819
95 17 52
95 52 481
95 20 130
95 82 910
95 6 91
95 65 1144
95 0 676
95 42 1066
95 73 39
95 4 1222
95 68 286
95 36 741
95 28 507
95 47 845
96 82 585
96 46 65
96 27 1183
96 66 1014
96 30 1209
96 4 104
96 86 364
96 85 468
96 87 260
96 13 494
96 23 286
96 78 1092
96 45 78
96 21 364
96 3 559
96 19 39
96 6 871
96 39 299
96 51 481
96 2 1001
96 74 767
96 88 884
96 52 312
96 84 260
96 18 104
96 37 390
96 80 507
96 65 13
96 32 1040
97 52 52
97 46 533
97 80 1014
97 9 1092
97 20 923
97 93 520
98 77 819
98 21 845
98 15 1001
98 42 884
98 0 1274
98 3 130
98 26 845
98 97 325
98 60 377
98 37 806
98 40 1261
98 47 312
98 64 754
98 18 1105
98 46 845
98 55 195
98 86 1027
98 51 1157
98 8 351
98 53 559
98 20 39
98 94 715
98 90 1092
98 39 741
98 87 533
98 1 871
98 4 195
98 99 1222
98 25 221
98 34 637
98 10 156
98 19 975
98 73 156
98 65 1053
98 11 1053
98 91 182
98 33 325
98 52 377
98 71 52
98 56 533
98 16 728
98 61 1235
98 83 1196
98 36 156
98 7 741
98 14 26
98 23 104
98 54 1196
98 82 1274
98 27 351
98 5 650
98 68 403
98 29 533
98 41 1027
98 50 1027
98 44 1027
98 30 663
98 59 390
98 2 663
98 6 923
98 72 1014
98 32 52
98 35 1274
98 96 182
98 66 91
98 84 1079
98 81 1222
98 57 104
98 89 169
98 43 780
98 92 1248
98 75 546
98 9 338
98 67 832
98 62 858
99 12 403
99 95 741
99 3 871
99 47 546
99 56 1261
99 30 26
99 61 1183
99 80 936
99 35 793
99 92 936
99 22 299
99 4 455
99 65 702
99 5 481
99 66 1209
99 57 221
99 15 364
99 41 975
99 93 975
99 55 1079
99 26 884
99 72 325
99 84 1001
99 32 1170
99 82 546
99 27 637
99 42 221
99 97 1235
99 64 962
