50
0 -> 8440
1 -> 2743
2 -> 8229
3 -> 4642
4 -> 5697
5 -> 10550
6 -> 211
7 -> 8229
8 -> 844
9 -> 1055
10 -> 6119
11 -> 8229
12 -> 6963
13 -> 8440
14 -> 5697
15 -> 1899
16 -> 1688
17 -> 7596
18 -> 4431
19 -> 6330
20 -> 6752
21 -> 1477
22 -> 6963
23 -> 8440
24 -> 6330
25 -> 9917
26 -> 9073
27 -> 844
28 -> 8440
29 -> 7807
30 -> 1266
31 -> 4220
32 -> 4642
33 -> 6330
34 -> 1266
35 -> 10128
36 -> 3587
37 -> 9917
38 -> 844
39 -> 1477
40 -> 7807
41 -> 7174
42 -> 6963
43 -> 844
44 -> 3587
45 -> 5697
46 -> 2743
47 -> 1688
48 -> 7174
49 -> 5275
0 25 468
0 26 403
0 18 585
0 2 13
0 33 442
0 31 468
0 38 546
0 12 208
0 3 39
0 1 429
0 34 156
0 27 637
0 42 572
0 5 13
0 43 624
0 29 117
1 10 104
1 29 533
1 48 494
1 46 364
1 7 637
1 40 104
1 23 351
1 38 143
1 16 377
1 0 234
1 5 572
1 14 247
1 11 143
1 4 546
1 28 247
1 33 221
1 49 429
1 35 143
1 15 13
1 24 442
1 17 143
1 9 533
1 37 572
1 39 39
1 31 403
1 47 520
1 22 533
1 45 650
1 30 169
1 44 195
2 31 338
3 5 208
3 43 26
3 39 585
3 7 429
3 46 143
3 45 117
3 14 13
3 37 338
3 26 156
3 18 546
3 41 234
3 13 247
3 28 455
3 25 416
3 49 611
3 35 221
3 12 416
3 2 611
3 19 403
3 9 39
3 30 442
3 33 338
3 27 234
3 1 481
3 8 195
3 11 377
3 44 377
3 47 286
3 20 494
3 6 104
3 17 520
3 10 598
3 38 520
3 16 182
3 21 325
3 22 325
4 2 351
4 38 91
4 25 572
4 13 299
4 45 546
4 48 13
4 47 546
4 31 624
4 32 598
4 29 273
4 26 260
4 30 494
4 33 26
4 10 325
4 42 650
4 34 390
4 21 650
4 9 13
4 15 572
4 35 182
4 19 234
4 11 65
4 28 26
4 22 468
5 25 234
5 13 533
5 19 624
5 22 169
5 8 247
5 30 182
5 24 585
5 2 650
5 14 429
5 37 286
5 26 260
5 27 91
5 21 260
5 46 468
5 47 78
5 45 546
6 12 286
6 48 507
6 38 39
6 14 130
6 0 299
6 26 130
6 41 325
6 21 39
6 25 26
6 22 169
6 20 533
6 13 156
6 5 286
6 17 182
6 32 39
6 36 260
6 40 221
6 15 221
6 18 481
6 24 208
6 29 104
6 39 650
6 9 416
6 7 637
6 16 234
6 46 533
7 10 351
7 11 585
7 16 468
7 27 416
7 4 104
7 14 13
7 20 104
7 39 442
7 48 78
7 21 442
7 29 429
7 36 455
7 0 507
7 41 325
7 2 624
7 37 559
7 6 572
7 9 585
7 13 221
7 28 624
7 1 429
7 19 338
7 49 494
7 46 130
7 17 208
7 43 377
7 12 377
7 32 598
7 26 260
7 31 13
7 24 273
7 44 533
7 8 208
7 35 104
7 38 598
7 22 351
7 18 234
7 45 650
7 30 26
7 42 312
7 25 91
7 34 143
7 5 26
7 3 507
7 40 312
7 23 26
7 47 169
8 13 403
8 3 130
8 29 260
8 45 416
8 23 169
8 38 169
8 34 312
8 41 286
8 28 416
8 21 325
8 4 364
8 37 78
8 32 390
8 46 572
8 20 585
9 2 325
9 11 130
9 5 247
9 46 598
9 13 364
10 32 143
10 40 494
10 25 455
10 0 507
10 16 533
10 13 143
11 40 468
11 47 247
11 42 650
11 38 312
11 44 585
11 36 195
11 46 104
11 33 520
11 18 572
11 41 13
11 6 169
11 45 442
11 28 130
11 1 572
11 12 611
11 34 624
11 9 611
11 35 91
11 17 52
11 0 247
11 7 52
11 19 390
11 2 364
11 21 143
11 43 286
11 16 195
11 26 585
11 27 507
11 48 442
11 15 273
11 39 377
11 3 390
11 49 156
11 20 299
11 8 273
11 30 364
11 5 208
11 13 494
11 14 650
11 31 624
11 32 286
11 37 156
12 34 39
12 28 39
12 14 65
12 20 260
12 19 52
12 6 364
12 32 156
12 3 52
12 4 312
12 48 624
12 23 156
12 24 546
12 18 429
12 47 481
12 26 611
12 1 117
12 35 26
12 17 650
12 7 429
12 16 26
12 13 338
12 44 416
12 41 364
12 46 442
12 49 208
12 15 299
12 27 637
12 2 130
12 43 130
12 38 429
12 9 403
12 37 78
12 33 325
12 30 520
12 0 559
13 7 91
13 49 533
13 46 494
13 31 442
13 6 234
13 15 507
13 14 637
13 9 260
13 29 156
13 33 195
13 39 520
13 26 195
13 11 442
13 10 13
13 25 208
13 23 260
13 35 143
13 19 195
14 3 598
14 17 52
14 40 351
14 38 117
14 37 286
14 45 52
14 47 299
14 11 624
14 36 468
14 7 390
14 22 169
14 48 117
14 44 65
14 46 260
14 34 221
14 31 169
14 13 169
14 35 234
14 32 442
14 42 533
14 5 169
14 30 494
14 49 611
14 12 156
14 23 91
14 15 325
14 16 546
14 28 507
14 25 598
14 1 26
14 24 559
14 27 598
14 8 650
14 20 377
14 19 468
14 29 442
14 21 286
14 0 624
14 26 78
15 23 455
15 19 559
15 25 208
15 34 507
15 45 260
15 37 533
15 18 533
15 44 468
15 22 611
15 9 611
15 46 611
15 36 650
15 5 533
15 49 533
15 43 312
15 35 390
15 30 299
15 0 169
15 38 507
15 12 546
15 40 481
15 14 13
15 26 507
15 1 338
15 4 611
15 31 208
15 29 260
15 10 624
15 32 260
15 11 182
15 20 104
15 3 546
15 6 195
15 33 117
15 7 65
15 41 377
15 16 325
15 48 546
15 27 299
15 42 533
15 21 637
15 17 559
15 47 130
15 2 455
15 24 429
15 28 403
15 13 338
15 39 559
16 9 104
16 49 78
16 44 286
16 46 169
16 45 455
16 20 351
16 35 598
16 43 585
16 14 416
16 7 104
16 42 468
16 34 208
16 10 104
16 26 390
16 11 611
16 5 221
16 15 78
16 3 585
16 40 520
16 31 455
16 21 507
16 12 468
16 41 26
16 28 455
16 1 156
16 30 585
16 25 572
16 47 494
16 2 156
16 8 78
16 6 481
16 39 416
16 36 78
16 27 364
16 17 208
16 32 572
16 38 546
16 22 13
16 29 195
16 23 91
16 0 260
16 24 26
16 37 143
16 19 364
16 33 520
16 18 338
16 4 546
16 13 325
16 48 208
17 33 65
17 15 156
17 27 507
17 13 546
17 41 156
17 46 624
17 12 78
17 20 650
17 18 650
17 28 520
17 48 13
17 6 533
17 29 104
17 21 13
17 37 299
17 7 546
17 5 481
17 10 533
17 24 234
17 32 39
17 4 364
17 19 195
17 45 455
17 30 338
17 39 364
17 25 390
17 47 390
17 26 442
17 40 650
17 11 494
17 9 572
17 36 637
17 34 325
17 8 481
17 3 117
17 49 182
17 42 156
17 16 273
17 14 195
18 36 455
18 24 637
18 40 247
18 45 299
18 32 52
18 44 481
18 29 169
18 28 494
18 25 624
18 30 221
18 46 13
18 19 130
18 43 26
18 5 351
18 37 559
18 34 273
18 49 533
18 16 65
18 17 572
18 14 234
19 33 533
19 26 247
19 2 143
19 0 494
19 46 78
19 38 312
19 34 143
19 13 234
19 7 520
19 30 377
19 43 195
20 35 637
20 27 234
20 44 91
20 9 377
20 45 494
20 46 572
20 14 221
20 24 182
20 2 520
20 36 351
20 1 260
20 11 195
20 30 65
20 28 559
20 15 507
20 21 351
20 8 637
20 49 143
20 40 143
20 43 143
20 16 559
20 38 650
20 4 481
20 37 559
20 25 130
20 18 403
20 3 195
20 33 429
20 13 598
20 41 286
20 6 494
20 32 299
20 31 26
20 42 637
20 48 91
20 26 338
20 39 572
20 19 507
20 23 247
20 10 572
20 5 143
20 17 468
20 0 26
20 34 650
20 47 546
21 20 65
21 39 364
21 23 299
21 41 13
21 40 468
21 33 585
21 12 494
21 27 494
21 25 546
21 7 520
21 13 585
21 38 104
21 8 546
21 47 234
21 9 247
21 17 351
21 24 481
21 32 39
21 49 234
21 35 52
21 11 117
21 48 533
21 10 91
21 37 416
21 15 637
21 0 65
21 29 494
21 30 637
21 16 455
21 19 286
21 18 156
21 44 13
21 22 91
21 45 546
21 31 364
21 43 78
22 46 520
22 48 364
22 12 416
22 47 26
22 5 624
22 41 546
22 49 637
22 24 52
22 25 520
22 26 559
22 17 403
22 45 611
22 18 104
22 15 351
23 30 403
23 3 13
23 12 325
23 26 533
24 16 91
24 13 624
24 36 377
24 39 299
24 40 416
24 35 234
24 12 442
24 25 559
24 34 156
24 47 117
24 10 104
24 21 585
24 17 208
24 31 91
24 29 351
24 14 39
24 23 585
24 8 377
24 42 130
24 5 403
24 44 195
25 7 13
25 9 104
25 37 429
25 33 273
25 4 299
25 22 546
25 3 598
25 47 260
25 19 26
25 26 325
25 5 624
25 30 507
25 20 624
25 36 559
25 13 156
25 21 117
25 34 598
25 27 338
25 39 481
25 29 559
25 1 598
25 17 455
25 12 507
25 31 585
25 24 234
25 45 377
25 11 260
25 0 416
25 28 52
25 15 65
25 10 130
25 2 13
25 40 234
25 18 494
25 23 130
25 43 468
25 46 390
25 35 273
25 8 338
25 48 182
26 17 637
26 5 299
26 2 221
26 47 377
26 4 403
26 19 416
26 35 559
26 25 91
26 30 598
26 3 533
26 20 520
26 39 585
26 0 91
26 46 91
26 33 234
26 14 338
26 43 325
26 45 169
27 25 611
27 19 104
27 35 325
27 6 507
27 39 468
27 36 208
27 23 494
27 24 91
27 22 364
27 41 26
27 33 624
27 18 611
27 4 234
27 46 247
27 30 364
27 15 52
27 8 52
27 37 377
27 38 130
27 47 273
27 14 156
27 45 533
27 40 182
27 2 13
28 16 234
28 36 429
28 46 260
28 45 624
28 32 130
28 15 377
28 7 65
28 34 650
28 26 559
28 19 39
28 8 481
28 33 13
28 6 351
28 31 611
28 9 91
28 27 572
28 12 312
28 39 403
28 41 598
29 48 403
29 22 13
29 40 520
29 24 429
29 17 52
29 21 13
29 0 390
29 42 312
29 14 598
29 13 117
29 28 546
29 9 624
29 30 481
29 4 13
29 45 234
29 11 78
29 15 520
29 33 39
29 20 39
29 5 130
29 2 494
29 16 650
29 7 325
29 12 156
29 49 572
29 32 351
29 18 377
29 36 65
29 35 416
29 43 52
29 8 546
29 47 416
29 26 611
30 46 611
30 12 468
30 16 169
30 48 195
30 31 338
30 41 182
30 6 364
30 26 78
30 10 299
30 15 637
30 17 533
30 18 143
30 33 637
30 3 156
30 25 585
30 24 143
30 39 416
30 40 234
30 14 104
30 23 13
30 28 637
30 44 273
30 34 598
30 1 299
30 42 65
30 0 507
30 49 598
30 29 546
30 47 169
30 21 299
30 19 429
30 27 65
30 35 533
30 9 364
30 4 585
30 2 143
30 37 26
30 8 156
30 13 78
30 32 585
30 36 533
30 20 520
30 22 585
30 43 364
30 38 169
30 11 39
30 7 273
30 5 312
31 49 585
31 40 390
31 3 312
31 6 325
31 1 260
31 41 234
31 30 312
31 27 260
31 45 455
31 33 156
31 19 455
31 26 624
31 29 299
32 36 611
32 31 650
32 48 325
32 17 273
32 35 39
32 23 598
32 20 286
32 49 299
32 16 377
32 43 39
32 46 299
32 9 429
32 29 650
32 34 65
32 30 455
32 22 390
32 24 221
32 28 104
32 2 156
32 37 104
32 15 559
32 8 39
32 21 650
32 3 364
32 33 338
32 7 429
32 26 325
32 18 156
32 38 169
32 11 468
32 14 390
32 0 338
32 5 611
32 4 377
32 40 65
32 25 234
32 47 416
32 10 39
32 42 260
32 41 481
32 6 546
32 19 520
32 44 273
32 39 39
32 27 559
33 4 442
33 8 273
33 29 247
33 11 78
33 22 520
33 19 104
33 41 364
33 38 468
33 42 182
33 20 494
33 2 650
33 31 195
33 9 364
33 0 221
34 35 169
34 42 195
34 3 403
34 31 182
34 44 468
34 39 364
34 22 169
34 33 403
34 14 156
34 46 208
34 1 104
34 12 117
34 2 611
34 48 364
35 15 117
35 11 338
35 36 156
36 11 598
36 37 26
36 23 585
36 39 182
36 35 429
36 7 624
36 8 585
36 38 299
36 31 104
36 6 377
36 43 143
36 9 13
36 24 520
36 5 585
36 48 416
36 34 91
36 1 481
36 44 442
37 28 455
37 36 520
37 1 312
37 4 78
37 42 403
38 14 65
38 23 598
38 45 169
38 32 650
38 12 286
38 34 507
38 29 455
38 18 247
38 13 130
38 9 624
38 42 650
38 19 507
38 1 442
38 49 91
38 36 559
38 39 156
38 41 91
38 24 338
38 47 91
38 37 286
38 35 481
38 17 598
38 3 273
38 48 416
38 15 78
38 33 234
38 20 169
38 27 312
38 30 650
38 7 364
38 46 39
38 40 286
38 8 481
38 22 351
38 4 78
38 43 117
38 44 299
38 16 559
38 25 299
38 21 117
38 2 156
38 11 130
38 26 455
38 5 312
38 0 78
38 28 572
38 6 546
39 29 429
39 20 52
39 40 221
39 11 429
39 9 520
39 16 52
39 32 533
39 45 65
39 41 507
39 37 429
39 24 234
39 4 390
39 8 78
39 5 507
39 30 78
39 23 299
39 12 260
39 0 455
39 19 637
39 31 559
39 26 182
39 25 312
39 48 312
39 49 52
39 46 325
40 34 377
40 37 338
40 49 39
40 43 533
40 30 26
40 29 65
40 32 143
40 15 182
40 13 611
40 10 650
40 28 195
40 42 65
40 45 13
40 23 546
40 27 520
40 4 156
40 44 351
40 36 130
40 24 494
40 47 520
40 21 130
40 19 195
40 31 91
40 2 65
40 14 494
40 11 39
40 1 559
40 8 559
40 46 494
41 31 585
41 12 260
41 21 91
41 6 13
41 38 143
41 19 546
41 9 325
41 26 234
41 37 156
41 4 572
41 2 299
41 25 507
41 22 13
41 20 169
41 49 260
41 35 273
41 32 312
41 36 650
41 11 195
41 14 299
41 0 585
41 16 13
41 33 442
41 18 507
41 46 208
41 47 611
41 30 351
41 7 195
41 29 338
41 42 598
41 44 39
41 15 195
41 3 156
41 39 507
41 5 507
41 34 39
41 45 312
41 10 325
41 28 507
41 40 442
41 48 312
41 1 377
41 23 13
41 24 78
41 13 143
41 8 429
41 43 182
41 17 208
42 45 351
42 4 559
42 3 611
42 48 52
42 44 143
42 20 585
42 43 377
42 30 221
42 28 650
42 24 247
42 27 247
42 5 351
42 47 403
42 10 26
42 8 338
42 7 143
42 49 221
42 11 260
42 36 546
42 29 130
42 33 351
42 13 208
42 39 273
42 41 52
42 17 221
42 38 429
42 18 520
42 40 104
42 12 338
42 9 390
42 21 325
42 16 312
42 2 442
42 19 494
42 15 182
42 46 611
42 26 364
42 1 104
42 22 26
42 14 507
42 25 533
43 41 13
43 24 221
43 48 299
43 30 364
43 19 104
43 39 13
43 16 299
43 8 52
43 25 585
43 42 390
43 29 559
43 44 247
43 17 546
43 36 650
43 9 572
43 26 195
44 18 533
44 8 390
44 9 546
44 42 299
44 25 624
44 19 221
44 30 13
44 40 39
44 23 13
44 32 481
44 46 208
44 5 91
44 45 325
44 6 468
44 36 520
44 12 598
44 20 91
44 2 390
45 29 65
45 48 468
45 42 533
45 35 312
45 19 39
45 23 429
45 27 403
45 46 195
45 11 26
45 24 520
45 14 299
45 16 455
45 28 481
45 4 390
45 26 208
45 18 572
45 20 520
45 1 598
45 30 104
45 8 585
45 40 260
45 2 312
45 21 585
45 36 637
45 33 546
45 3 364
45 15 299
45 41 611
45 47 182
45 9 598
45 31 130
46 35 182
46 31 598
46 44 156
46 15 143
46 29 338
46 48 338
46 27 429
46 6 377
46 45 65
47 0 286
47 13 559
47 34 78
47 7 546
47 43 182
47 16 533
47 10 598
47 29 312
47 37 156
47 2 299
47 49 312
47 39 208
47 45 637
47 32 78
47 18 377
47 28 260
47 20 143
47 35 312
47 46 637
47 14 195
47 42 91
47 25 377
47 11 611
47 12 299
47 3 364
47 9 624
47 17 559
47 5 182
47 22 117
47 8 13
47 40 624
47 41 559
47 23 377
47 38 585
47 24 377
47 21 598
47 31 130
48 15 260
48 27 611
48 35 65
48 45 65
49 46 221
49 10 559
49 17 286
49 20 416
49 34 13
