10
0 -> 844
1 -> 422
2 -> 1899
3 -> 211
4 -> 1899
5 -> 422
6 -> 844
7 -> 1899
8 -> 2110
9 -> 1688
0 3 130
0 7 65
0 2 65
0 8 39
0 9 13
0 5 13
0 1 78
0 6 39
1 5 39
1 9 91
2 9 130
2 6 130
2 1 130
2 0 104
2 3 104
3 9 78
3 8 39
3 5 104
3 0 13
3 6 65
3 2 91
3 4 39
3 1 13
4 8 52
4 3 104
4 1 91
5 0 91
5 3 104
6 1 26
6 5 130
6 2 52
6 7 78
6 3 39
6 8 52
6 4 39
7 3 117
7 0 26
7 1 52
7 6 117
7 4 13
7 8 78
7 2 13
7 5 130
8 9 13
8 5 91
8 6 78
8 7 65
8 1 104
8 3 65
8 0 26
8 4 13
8 2 91
9 5 52
