20
0 -> 2110
1 -> 422
2 -> 1477
3 -> 633
4 -> 1477
5 -> 1688
6 -> 2743
7 -> 1477
8 -> 2110
9 -> 3165
10 -> 422
11 -> 4009
12 -> 2321
13 -> 1899
14 -> 1055
15 -> 3165
16 -> 4009
17 -> 3376
18 -> 1477
19 -> 2321
0 19 182
0 8 247
0 5 143
0 16 182
0 7 247
0 1 182
0 4 208
0 9 13
0 2 182
1 2 234
1 9 208
1 16 208
1 0 130
1 7 130
1 5 169
1 11 130
1 19 182
1 4 39
1 10 143
1 17 247
1 15 156
1 14 234
1 6 143
1 12 247
1 3 104
1 18 91
1 8 234
1 13 195
2 19 117
2 6 52
2 13 52
2 11 78
3 1 234
3 0 208
3 12 65
3 19 208
3 4 65
3 16 143
3 15 117
3 8 65
3 9 221
3 6 65
3 13 104
3 18 260
3 14 169
3 10 104
3 2 208
3 7 104
4 5 247
4 6 26
4 0 208
4 8 143
5 18 26
5 13 91
5 8 156
5 17 52
5 9 156
5 1 117
5 15 130
5 3 182
5 0 13
5 4 143
5 19 208
5 7 39
5 11 195
6 11 182
6 10 26
6 14 104
6 1 143
6 0 156
6 13 182
6 16 143
6 17 39
6 5 65
6 7 208
6 19 208
6 8 78
6 2 208
6 3 143
6 4 195
6 18 13
7 13 39
7 11 130
7 0 13
7 17 143
7 12 26
7 6 221
7 10 156
7 2 208
7 3 221
7 14 195
7 8 117
7 9 143
7 16 13
8 15 130
8 5 234
8 19 130
8 14 117
8 4 234
8 7 247
8 12 182
8 13 39
8 6 39
8 1 195
8 16 26
8 0 221
8 3 65
9 17 52
10 6 91
10 1 221
10 15 117
10 14 26
10 2 260
10 7 130
10 11 13
10 12 260
10 19 91
10 18 26
10 0 65
10 4 208
10 3 78
10 17 260
10 16 52
11 17 156
12 13 195
12 10 169
13 0 234
13 6 143
13 7 260
13 11 234
13 1 221
13 2 195
13 12 234
13 17 195
13 18 169
13 14 13
14 12 78
14 15 260
14 1 234
14 16 26
14 4 65
14 10 247
14 8 234
14 11 117
14 19 91
14 5 182
14 6 182
14 17 91
14 0 247
14 18 104
14 2 13
14 7 182
14 13 208
15 17 169
15 8 143
15 12 39
15 14 234
15 11 91
15 13 169
15 4 156
15 3 208
15 6 182
15 0 182
15 19 169
15 7 260
16 0 52
16 19 169
16 9 91
16 4 234
16 17 117
16 3 78
16 11 78
16 13 26
16 7 247
16 2 234
16 18 26
16 5 195
16 8 39
16 6 91
17 12 117
17 5 65
18 1 221
19 4 104
19 18 104
19 17 156
19 15 52
19 3 195
19 13 78
19 5 78
19 8 13
19 9 130
19 14 78
19 1 117
19 2 26
